11 9 11264
-9 -9 -9 -9 -9 -9 -9 -3 46 -13 2 0.5
-9 -9 -9 -9 -9 -9 -9 2 -50 11 -3 0.5
-9 -9 -9 -9 -9 -9 -9 -21 -3 -3 -41 0.5
-9 -9 -9 -9 -9 -9 -9 33 2 1 28 0.5
-9 -9 -9 -9 -9 -9 -9 5 -14 -41 4 0.5
-9 -9 -9 -9 -9 -9 -9 -30 -8 4 28 0.5
-9 -9 -9 -9 -9 -9 -9 36 8 -4 -22 0.5
-9 -9 -9 -9 -9 -9 -9 -3 12 48 -4 0.5
-9 -9 -9 -9 -9 -9 -9 -20 8 -8 6 0.5

11 8 11240
-9 -9 -9 -9 -9 -9 -9 23 -8 16 31 0.5
-9 -9 -9 -9 -9 -9 -9 22 -9 31 -10 0.5
-9 -9 -9 -9 -9 -9 -9 -30 -8 -23 -4 0.5
-9 -9 -9 -9 -9 -9 -9 -6 -9 4 -51 0.5
-9 -9 -9 -9 -9 -9 -9 -24 -11 -7 32 0.5
-9 -9 -9 -9 -9 -9 -9 -32 -5 24 7 0.5
-9 -9 -9 -9 -9 -9 -9 28 -15 -21 20 0.5
-9 -9 -9 -9 -9 -9 -9 25 -13 -24 -26 0.5

11 7 11128
-9 -9 -9 -9 -9 -9 -9 14 22 11 4 0.5
-9 -9 -9 -9 -9 -9 -9 -23 -14 9 26 0.5
-9 -9 -9 -9 -9 -9 -9 6 -39 11 -12 0.5
-9 -9 -9 -9 -9 -9 -9 5 6 8 -41 0.5
-9 -9 -9 -9 -9 -9 -9 -23 31 10 -4 0.5
-9 -9 -9 -9 -9 -9 -9 -33 -22 9 -14 0.5
-9 -9 -9 -9 -9 -9 -9 22 -14 10 15 0.5

11 6 10816
-9 -9 -9 -9 -9 -9 -9 -24 6 14 -9 0.5
-9 -9 -9 -9 -9 -9 -9 -4 31 -16 -9 0.5
-9 -9 -9 -9 -9 -9 -9 31 -4 3 -9 0.5
-9 -9 -9 -9 -9 -9 -9 -23 -12 -22 -9 0.5
-9 -9 -9 -9 -9 -9 -9 -16 -22 14 -9 0.5
-9 -9 -9 -9 -9 -9 -9 6 -24 -22 -10 0.5

11 5 10248
-9 -9 -9 -9 -9 -9 -9 11 -9 -18 -16 0.5
-9 -9 -9 -9 -9 -9 -9 11 -7 6 28 0.5
-9 -9 -9 -9 -9 -9 -9 12 -7 17 1 0.5
-9 -9 -9 -9 -9 -9 -9 9 -9 14 -29 0.5
-9 -9 -9 -9 -9 -9 -9 9 -11 -21 17 0.5

11 4 9072
-9 -9 -9 -9 -9 -9 -9 -12 13 9 9 0.5
-9 -9 -9 -9 -9 -9 -9 18 11 6 21 0.5
-9 -9 -9 -9 -9 -9 -9 15 9 -7 -11 0.5
-9 -9 -9 -9 -9 -9 -9 14 9 25 -14 0.5

10 7 5088
-9 -9 -9 -9 -9 -9 -5 32 13 -8 0.5
-9 -9 -9 -9 -9 -9 11 -33 3 -9 0.5
-9 -9 -9 -9 -9 -9 43 14 8 -12 0.5
-9 -9 -9 -9 -9 -9 -16 -6 22 -9 0.5
-9 -9 -9 -9 -9 -9 17 -17 -30 -11 0.5
-9 -9 -9 -9 -9 -9 3 41 -25 -12 0.5
-9 -9 -9 -9 -9 -9 -22 -6 -21 -10 0.5

10 6 4998
-9 -9 -9 -9 -9 -9 13 -9 6 -29 0.5
-9 -9 -9 -9 -9 -9 -17 -9 -16 -7 0.5
-9 -9 -9 -9 -9 -9 -6 -9 37 3 0.5
-9 -9 -9 -9 -9 -9 -11 -9 -8 25 0.5
-9 -9 -9 -9 -9 -9 24 -11 15 22 0.5
-9 -9 -9 -9 -9 -9 21 -8 -12 14 0.5

10 5 4704
-9 -9 -9 -9 -9 -9 -8 9 -4 28 0.5
-9 -9 -9 -9 -9 -9 -24 14 21 6 0.5
-9 -9 -9 -9 -9 -9 -8 14 -33 12 0.5
-9 -9 -9 -9 -9 -9 -6 -4 -10 -9 0.5
-9 -9 -9 -9 -9 -9 6 10 21 6 0.5

10 4 4312
-9 -9 -9 -9 -9 -9 -18 8 14 9 0.5
-9 -9 -9 -9 -9 -9 8 6 21 8 0.5
-9 -9 -9 -9 -9 -9 -13 6 -18 10 0.5
-9 -9 -9 -9 -9 -9 19 8 -7 12 0.5

9 7 2298
-9 -9 -9 -9 -9 9 -13 -34 4 0.5
-9 -9 -9 -9 -9 9 23 -12 5 0.5
-9 -9 -9 -9 -9 1 17 3 -31 0.5
-9 -9 -9 -9 -9 11 -14 25 21 0.5
-9 -9 -9 -9 -9 3 -36 -7 -16 0.5
-9 -9 -9 -9 -9 17 -31 49 -31 0.5
-9 -9 -9 -9 -9 10 14 20 12 0.5

9 6 2266
-9 -9 -9 -9 -9 12 21 13 8 0.5
-9 -9 -9 -9 -9 -17 19 1 9 0.5
-9 -9 -9 -9 -9 7 -20 12 9 0.5
-9 -9 -9 -9 -9 40 5 -14 8 0.5
-9 -9 -9 -9 -9 -10 -16 -18 7 0.5
-9 -9 -9 -9 -9 -14 28 -35 7 0.5

9 5 2184
-9 -9 -9 -9 -9 -16 10 18 -10 0.5
-9 -9 -9 -9 -9 -19 11 -17 -8 0.5
-9 -9 -9 -9 -9 20 11 6 -9 0.5
-9 -9 -9 -9 -9 5 3 24 -10 0.5
-9 -9 -9 -9 -9 12 9 -31 -8 0.5

9 4 1974
-9 -9 -9 -9 -9 -9 -31 9 -8 0.5
-9 -9 -9 -9 -9 -10 2 12 1 0.5
-9 -9 -9 -9 -9 -9 1 8 -12 0.5
-9 -9 -9 -9 -9 26 -6 7 -10 0.5

8 6 1018
-9 -9 -9 -9 -7 -14 -24 -8 0.5
-9 -9 -9 -9 -10 -27 -29 39 0.5
-9 -9 -9 -9 -8 -22 6 -15 0.5
-9 -9 -9 -9 -13 -1 16 33 0.5
-9 -9 -9 -9 -11 5 15 -14 0.5
-9 -9 -9 -9 -11 31 -15 4 0.5

8 5 980
-9 -9 -9 -9 -8 13 -13 -17 0.5
-9 -9 -9 -9 -14 4 -13 16 0.5
-9 -9 -9 -9 -13 -27 -15 -34 0.5
-9 -9 -9 -9 4 -12 6 11 0.5
-9 -9 -9 -9 -21 -37 -20 16 0.5

8 4 920
-9 -9 -9 -9 -9 -7 19 -14 0.5
-9 -9 -9 -9 -10 -9 10 12 0.5
-9 -9 -9 -9 -6 -11 -9 -20 0.5
-9 -9 -9 -9 -10 -12 -18 8 0.5

7 5 440
-9 -9 -9 11 15 7 3 0.5
-9 -9 -9 -32 8 9 7 0.5
-9 -9 -9 10 9 7 27 0.5
-9 -9 -9 25 7 12 -19 0.5
-9 -9 -9 -12 2 9 -24 0.5

7 4 410
-9 -9 -9 5 -10 10 31 0.5
-9 -9 -9 4 -5 4 -1 0.5
-9 -9 -9 22 -14 20 -2 0.5
-9 -9 -9 5 -10 6 -24 0.5

6 4 184
-9 -9 13 -14 -11 -22 0.5
-9 -9 11 13 -15 24 0.5
-9 -9 13 23 -14 -7 0.5
-9 -9 12 -17 -10 12 0.5

12 9 24552
-9 -9 -9 -9 -9 -9 -9 -9 36 17 -3 -18 0.5
-9 -9 -9 -9 -9 -9 -9 -9 33 3 -6 21 0.5
-9 -9 -9 -9 -9 -9 -9 -9 -26 23 -7 23 0.5
-9 -9 -9 -9 -9 -9 -9 -9 -38 -12 -17 -28 0.5
-9 -9 -9 -9 -9 -9 -9 -9 8 -53 -6 9 0.5
-9 -9 -9 -9 -9 -9 -9 -9 6 47 -11 14 0.5
-9 -9 -9 -9 -9 -9 -9 -9 11 -43 -8 -25 0.5
-9 -9 -9 -9 -9 -9 -9 -9 -29 -15 -9 27 0.5
-9 -9 -9 -9 -9 -9 -9 -9 -8 37 -11 -26 0.5

13 10 53224
-12 -12 -12 -12 -12 -12 -12 -12 -12 61 30 -10 -8 0.5
-12 -12 -12 -12 -12 -12 -12 -12 -12 -24 77 10 -12 0.5
-12 -12 -12 -12 -12 -12 -12 -12 -12 -27 26 -61 -7 0.5
-12 -12 -12 -12 -12 -12 -12 -12 -12 23 -71 13 -10 0.5
-12 -12 -12 -12 -12 -12 -12 -12 -12 -75 -22 -15 -14 0.5
-12 -12 -12 -12 -12 -12 -12 -12 -12 16 22 72 -16 0.5
-12 -12 -12 -12 -12 -12 -12 -12 -12 -6 -25 -44 -10 0.5
-12 -12 -12 -12 -12 -12 -12 -12 -12 -14 1 -5 -17 0.5
-12 -12 -12 -12 -12 -12 -12 -12 -12 -15 -26 77 -11 0.5
-12 -12 -12 -12 -12 -12 -12 -12 -12 52 -10 -39 -14 0.5

14 11 114666
-12 -12 -12 -12 -12 -12 -12 -12 -12 -2 18 4 66 -21 0.5
-12 -12 -12 -12 -12 -12 -12 -12 -10 3 -15 -15 -65 41 0.5
-12 -12 -12 -12 -12 -12 -12 -12 -12 29 5 -71 7 -5 0.5
-12 -12 -12 -12 -12 -12 -12 -12 -13 -70 -4 -26 5 -5 0.5
-12 -12 -12 -12 -12 -12 -12 -12 -13 3 -52 -5 12 40 0.5
-12 -12 -12 -12 -12 -12 -12 -12 -11 2 67 -4 -18 -26 0.5
-12 -12 -12 -12 -12 -12 -12 -12 -12 -6 17 0 38 53 0.5
-12 -12 -12 -12 -12 -12 -12 -12 -12 5 -34 7 10 -57 0.5
-12 -12 -12 -12 -12 -12 -12 -12 -12 71 8 27 7 6 0.5
-12 -12 -12 -12 -12 -12 -12 -12 -13 1 -18 -5 -52 -34 0.5
-12 -12 -12 -12 -12 -12 -12 -12 -13 -30 -6 76 -3 3 0.5

15 12 245748
-12 -12 -12 -12 -12 -12 -12 -12 -12 -12 18 -2 -32 -3 68 0.5
-12 -12 -12 -12 -12 -12 -12 -12 -12 -12 19 2 30 3 -67 0.5
-12 -12 -12 -12 -12 -12 -12 -12 -12 -12 3 78 -3 -41 3 0.5
-12 -12 -12 -12 -12 -12 -12 -12 -12 -12 5 -38 6 -75 -5 0.5
-12 -12 -12 -12 -12 -12 -12 -12 -12 -12 33 -1 67 2 18 0.5
-12 -12 -12 -12 -12 -12 -12 -12 -12 -12 -18 -2 -68 -5 -30 0.5
-12 -12 -12 -12 -12 -12 -12 -12 -12 -12 68 -1 -33 3 -16 0.5
-12 -12 -12 -12 -12 -12 -12 -12 -12 -12 -69 4 30 -3 -18 0.5
-12 -12 -12 -12 -12 -12 -12 -12 -12 -12 -3 -71 7 37 -3 0.5
-12 -12 -12 -12 -12 -12 -12 -12 -12 -12 -20 -2 67 -2 30 0.5
-12 -12 -12 -12 -12 -12 -12 -12 -12 -12 -1 39 -2 81 2 0.5
-12 -12 -12 -12 -12 -12 -12 -12 -12 -12 -28 -1 -70 1 21 0.5
