# 18 solution(s), each slicing 53224 of 53248 edges
# hyperplanes in the form  a.x = c : each row is [a_1 ... a_n  c]; an edge is sliced iff its two endpoints give a.x on opposite sides of c.

-12 -12 -12 -12 -12 -12 -12 -12 -12 9 -14 64 -24 0.5
-12 -12 -12 -12 -12 -12 -12 -12 -12 3 18 29 -5 0.5
-12 -12 -12 -12 -12 -12 -12 -12 -12 18 -22 -65 -5 0.5
-12 -12 -12 -12 -12 -12 -12 -12 -12 48 21 -56 -20 0.5
-12 -12 -12 -12 -12 -12 -12 -12 -12 -10 39 -53 -13 0.5
-12 -12 -12 -12 -12 -12 -12 -12 -12 -80 -7 15 -17 0.5
-12 -12 -12 -12 -12 -12 -12 -12 -12 44 23 42 -10 0.5
-12 -12 -12 -12 -12 -12 -12 -12 -12 -2 26 70 -12 0.5
-12 -12 -12 -12 -12 -12 -12 -12 -12 10 -58 23 -2 0.5
-12 -12 -12 -12 -12 -12 -12 -12 -12 -29 -13 -64 -18 0.5

-12 -12 -12 -12 -12 -12 -12 -12 -12 63 3 43 2 0.5
-12 -12 -12 -12 -12 -12 -12 -12 -12 -78 -16 1 -14 0.5
-12 -12 -12 -12 -12 -12 -12 -12 -12 -55 10 19 -12 0.5
-12 -12 -12 -12 -12 -12 -12 -12 -12 65 6 0 19 0.5
-12 -12 -12 -12 -12 -12 -12 -12 -12 14 -44 19 46 0.5
-12 -12 -12 -12 -12 -12 -12 -12 -12 -55 -19 19 45 0.5
-12 -12 -12 -12 -12 -12 -12 -12 -12 -27 47 9 30 0.5
-12 -12 -12 -12 -12 -12 -12 -12 -12 76 16 4 -15 0.5
-12 -12 -12 -12 -12 -12 -12 -12 -12 -14 41 7 -47 0.5
-12 -12 -12 -12 -12 -12 -12 -12 -12 9 -44 12 -54 0.5

-12 -12 -12 -12 -12 -12 -12 -12 -12 -16 9 35 65 0.5
-12 -12 -12 -12 -12 -12 -12 -12 -12 14 -56 -7 -18 0.5
-12 -12 -12 -12 -12 -12 -12 -12 -12 -38 7 -10 -56 0.5
-12 -12 -12 -12 -12 -12 -12 -12 -12 6 54 -22 -35 0.5
-12 -12 -12 -12 -12 -12 -12 -12 -12 13 45 -21 36 0.5
-12 -12 -12 -12 -12 -12 -12 -12 -12 51 7 20 39 0.5
-12 -12 -12 -12 -12 -12 -12 -12 -12 42 19 22 -50 0.5
-12 -12 -12 -12 -12 -12 -12 -12 -12 -15 17 67 -22 0.5
-12 -12 -12 -12 -12 -12 -12 -12 -12 -71 11 -19 28 0.5
-12 -12 -12 -12 -12 -12 -12 -12 -12 17 4 -69 17 0.5

-12 -12 -12 -12 -12 -12 -12 -12 -12 -70 -22 -20 -31 0.5
-12 -12 -12 -12 -12 -12 -12 -12 -12 -10 62 -8 38 0.5
-12 -12 -12 -12 -12 -12 -12 -12 -12 26 -28 -6 -51 0.5
-12 -12 -12 -12 -12 -12 -12 -12 -12 -6 19 -68 -25 0.5
-12 -12 -12 -12 -12 -12 -12 -12 -12 8 -54 -47 4 0.5
-12 -12 -12 -12 -12 -12 -12 -12 -12 14 -49 16 18 0.5
-12 -12 -12 -12 -12 -12 -12 -12 -12 19 65 -4 -24 0.5
-12 -12 -12 -12 -12 -12 -12 -12 -12 -30 -12 -4 68 0.5
-12 -12 -12 -12 -12 -12 -12 -12 -12 -27 5 31 -25 0.5
-12 -12 -12 -12 -12 -12 -12 -12 -12 75 12 -7 15 0.5

-12 -12 -12 -12 -12 -12 -12 -12 -12 56 14 -16 33 0.5
-12 -12 -12 -12 -12 -12 -12 -12 -12 8 -26 -9 77 0.5
-12 -12 -12 -12 -12 -12 -12 -12 -12 37 -53 31 15 0.5
-12 -12 -12 -12 -12 -12 -12 -12 -12 25 19 58 15 0.5
-12 -12 -12 -12 -12 -12 -12 -12 -12 10 -49 -9 -31 0.5
-12 -12 -12 -12 -12 -12 -12 -12 -12 -15 66 24 6 0.5
-12 -12 -12 -12 -12 -12 -12 -12 -12 -68 -8 -31 8 0.5
-12 -12 -12 -12 -12 -12 -12 -12 -12 35 13 -18 -29 0.5
-12 -12 -12 -12 -12 -12 -12 -12 -12 -68 -19 34 19 0.5
-12 -12 -12 -12 -12 -12 -12 -12 -12 -13 31 -61 6 0.5

-12 -12 -12 -12 -12 -12 -12 -12 -12 12 14 76 9 0.5
-12 -12 -12 -12 -12 -12 -12 -12 -12 -6 -52 -41 11 0.5
-12 -12 -12 -12 -12 -12 -12 -12 -12 22 -15 -67 15 0.5
-12 -12 -12 -12 -12 -12 -12 -12 -12 -41 -54 16 10 0.5
-12 -12 -12 -12 -12 -12 -12 -12 -12 50 50 -14 20 0.5
-12 -12 -12 -12 -12 -12 -12 -12 -12 -13 43 -6 20 0.5
-12 -12 -12 -12 -12 -12 -12 -12 -12 -67 34 17 16 0.5
-12 -12 -12 -12 -12 -12 -12 -12 -12 -16 62 -26 6 0.5
-12 -12 -12 -12 -12 -12 -12 -12 -12 12 -77 19 12 0.5
-12 -12 -12 -12 -12 -12 -12 -12 -12 46 -9 17 14 0.5

-12 -12 -12 -12 -12 -12 -12 -12 -12 -11 52 -11 39 0.5
-12 -12 -12 -12 -12 -12 -12 -12 -12 -63 -20 22 -16 0.5
-12 -12 -12 -12 -12 -12 -12 -12 -12 -10 79 16 5 0.5
-12 -12 -12 -12 -12 -12 -12 -12 -12 -11 -15 66 18 0.5
-12 -12 -12 -12 -12 -12 -12 -12 -12 -11 7 -57 -44 0.5
-12 -12 -12 -12 -12 -12 -12 -12 -12 -15 -16 -29 28 0.5
-12 -12 -12 -12 -12 -12 -12 -12 -12 38 -25 27 -7 0.5
-12 -12 -12 -12 -12 -12 -12 -12 -12 -11 -74 -21 -23 0.5
-12 -12 -12 -12 -12 -12 -12 -12 -12 -13 27 3 -70 0.5
-12 -12 -12 -12 -12 -12 -12 -12 -12 -13 -17 -29 63 0.5

-12 -12 -12 -12 -12 -12 -12 -12 -12 -21 22 -61 5 0.5
-12 -12 -12 -12 -12 -12 -12 -12 -12 -17 49 -6 -47 0.5
-12 -12 -12 -12 -12 -12 -12 -12 -12 45 14 -4 -50 0.5
-12 -12 -12 -12 -12 -12 -12 -12 -12 -30 -67 -12 -5 0.5
-12 -12 -12 -12 -12 -12 -12 -12 -12 -29 28 29 17 0.5
-12 -12 -12 -12 -12 -12 -12 -12 -12 5 -16 -13 -77 0.5
-12 -12 -12 -12 -12 -12 -12 -12 -12 48 -36 -13 31 0.5
-12 -12 -12 -12 -12 -12 -12 -12 -12 58 12 -8 43 0.5
-12 -12 -12 -12 -12 -12 -12 -12 -12 -61 -23 -16 17 0.5
-12 -12 -12 -12 -12 -12 -12 -12 -12 7 18 -11 67 0.5

-12 -12 -12 -12 -12 -12 -12 -12 -12 -52 -22 -52 20 0.5
-12 -12 -12 -12 -12 -12 -12 -12 -12 -5 -30 13 64 0.5
-12 -12 -12 -12 -12 -12 -12 -12 -12 36 -38 -36 18 0.5
-12 -12 -12 -12 -12 -12 -12 -12 -12 38 44 -29 10 0.5
-12 -12 -12 -12 -12 -12 -12 -12 -12 -15 51 -41 9 0.5
-12 -12 -12 -12 -12 -12 -12 -12 -12 -57 -2 -2 10 0.5
-12 -12 -12 -12 -12 -12 -12 -12 -12 75 -11 13 14 0.5
-12 -12 -12 -12 -12 -12 -12 -12 -12 -38 9 56 8 0.5
-12 -12 -12 -12 -12 -12 -12 -12 -12 14 33 70 10 0.5
-12 -12 -12 -12 -12 -12 -12 -12 -12 -3 -39 4 -42 0.5

-12 -12 -12 -12 -12 -12 -12 -12 -12 -53 -18 15 -29 0.5
-12 -12 -12 -12 -12 -12 -12 -12 -12 5 17 12 78 0.5
-12 -12 -12 -12 -12 -12 -12 -12 -12 66 -12 4 33 0.5
-12 -12 -12 -12 -12 -12 -12 -12 -12 -53 14 41 9 0.5
-12 -12 -12 -12 -12 -12 -12 -12 -12 -9 74 6 -21 0.5
-12 -12 -12 -12 -12 -12 -12 -12 -12 51 -42 17 -13 0.5
-12 -12 -12 -12 -12 -12 -12 -12 -12 -35 -59 21 14 0.5
-12 -12 -12 -12 -12 -12 -12 -12 -12 43 33 23 -36 0.5
-12 -12 -12 -12 -12 -12 -12 -12 -12 28 -16 13 -41 0.5
-12 -12 -12 -12 -12 -12 -12 -12 -12 -51 5 -26 9 0.5

-12 -12 -12 -12 -12 -12 -12 -12 -12 68 -29 6 -10 0.5
-12 -12 -12 -12 -12 -12 -12 -12 -12 -2 4 45 -58 0.5
-12 -12 -12 -12 -12 -12 -12 -12 -12 -51 43 -8 -9 0.5
-12 -12 -12 -12 -12 -12 -12 -12 -12 28 -8 -63 -10 0.5
-12 -12 -12 -12 -12 -12 -12 -12 -12 54 30 19 -14 0.5
-12 -12 -12 -12 -12 -12 -12 -12 -12 -27 -58 -27 -6 0.5
-12 -12 -12 -12 -12 -12 -12 -12 -12 -18 -69 17 -9 0.5
-12 -12 -12 -12 -12 -12 -12 -12 -12 5 79 -17 -13 0.5
-12 -12 -12 -12 -12 -12 -12 -12 -12 -52 -3 -17 -17 0.5
-12 -12 -12 -12 -12 -12 -12 -12 -12 -3 4 51 28 0.5

-12 -12 -12 -12 -12 -12 -12 -12 -12 74 -18 6 20 0.5
-12 -12 -12 -12 -12 -12 -12 -12 -12 -22 43 17 52 0.5
-12 -12 -12 -12 -12 -12 -12 -12 -12 30 -34 14 -55 0.5
-12 -12 -12 -12 -12 -12 -12 -12 -12 -40 -29 -20 17 0.5
-12 -12 -12 -12 -12 -12 -12 -12 -12 21 15 17 -69 0.5
-12 -12 -12 -12 -12 -12 -12 -12 -12 -44 -29 51 22 0.5
-12 -12 -12 -12 -12 -12 -12 -12 -12 -6 -24 11 61 0.5
-12 -12 -12 -12 -12 -12 -12 -12 -12 -8 55 14 -44 0.5
-12 -12 -12 -12 -12 -12 -12 -12 -12 23 25 2 61 0.5
-12 -12 -12 -12 -12 -12 -12 -12 -12 -36 -17 16 -59 0.5

-12 -12 -12 -12 -12 -12 -12 -12 -12 -8 -67 8 28 0.5
-12 -12 -12 -12 -12 -12 -12 -12 -12 7 -20 47 -29 0.5
-12 -12 -12 -12 -12 -12 -12 -12 -12 -13 -18 -75 27 0.5
-12 -12 -12 -12 -12 -12 -12 -12 -12 -8 62 -20 -21 0.5
-12 -12 -12 -12 -12 -12 -12 -12 -12 -11 7 28 66 0.5
-12 -12 -12 -12 -12 -12 -12 -12 -12 -13 52 39 -9 0.5
-12 -12 -12 -12 -12 -12 -12 -12 -12 -10 -70 -14 -17 0.5
-12 -12 -12 -12 -12 -12 -12 -12 -12 -6 49 -35 29 0.5
-12 -12 -12 -12 -12 -12 -12 -12 -12 -8 -1 -37 -49 0.5
-12 -12 -12 -12 -12 -12 -12 -12 -12 -44 -5 46 -18 0.5

-12 -12 -12 -12 -12 -12 -12 -12 -12 -15 -76 6 20 0.5
-12 -12 -12 -12 -12 -12 -12 -12 -12 38 55 8 -14 0.5
-12 -12 -12 -12 -12 -12 -12 -12 -12 20 53 6 30 0.5
-12 -12 -12 -12 -12 -12 -12 -12 -12 -26 -12 -3 -51 0.5
-12 -12 -12 -12 -12 -12 -12 -12 -12 -30 13 -32 31 0.5
-12 -12 -12 -12 -12 -12 -12 -12 -12 -20 -11 59 -33 0.5
-12 -12 -12 -12 -12 -12 -12 -12 -12 -24 10 41 42 0.5
-12 -12 -12 -12 -12 -12 -12 -12 -12 69 -15 14 -26 0.5
-12 -12 -12 -12 -12 -12 -12 -12 -12 20 -75 7 9 0.5
-12 -12 -12 -12 -12 -12 -12 -12 -12 -41 54 11 -3 0.5

-12 -12 -12 -12 -12 -12 -12 -12 -12 -31 -21 -62 33 0.5
-12 -12 -12 -12 -12 -12 -12 -12 -12 -21 10 -58 -24 0.5
-12 -12 -12 -12 -12 -12 -12 -12 -12 20 31 34 -22 0.5
-12 -12 -12 -12 -12 -12 -12 -12 -12 -21 39 -27 54 0.5
-12 -12 -12 -12 -12 -12 -12 -12 -12 -4 -76 -20 -13 0.5
-12 -12 -12 -12 -12 -12 -12 -12 -12 -9 -43 51 -21 0.5
-12 -12 -12 -12 -12 -12 -12 -12 -12 16 16 -54 -16 0.5
-12 -12 -12 -12 -12 -12 -12 -12 -12 -27 41 24 -42 0.5
-12 -12 -12 -12 -12 -12 -12 -12 -12 -29 -32 57 27 0.5
-12 -12 -12 -12 -12 -12 -12 -12 -12 -32 36 67 34 0.5

-12 -12 -12 -12 -12 -12 -12 -12 -12 17 31 -15 -71 0.5
-12 -12 -12 -12 -12 -12 -12 -12 -12 12 5 -66 -14 0.5
-12 -12 -12 -12 -12 -12 -12 -12 -12 7 18 52 44 0.5
-12 -12 -12 -12 -12 -12 -12 -12 -12 22 -38 53 26 0.5
-12 -12 -12 -12 -12 -12 -12 -12 -12 -21 45 27 -12 0.5
-12 -12 -12 -12 -12 -12 -12 -12 -12 15 -39 41 -22 0.5
-12 -12 -12 -12 -12 -12 -12 -12 -12 8 -13 -64 36 0.5
-12 -12 -12 -12 -12 -12 -12 -12 -12 16 30 -54 34 0.5
-12 -12 -12 -12 -12 -12 -12 -12 -12 6 -74 -22 -15 0.5
-12 -12 -12 -12 -12 -12 -12 -12 -12 34 46 30 -4 0.5

1 1 1 1 1 1 1 1 3 -1 -1 1 -5 0.5
1 1 1 1 1 1 1 1 -3 -2 -1 1 4 0.5
1 1 1 1 1 1 1 1 -1 -5 -1 1 1 0.5
1 1 1 1 1 1 1 1 -1 6 -1 1 0 0.5
1 1 1 1 1 1 1 1 -3 3 -1 1 3 0.5
1 1 1 1 1 1 1 1 -4 1 -1 1 -4 0.5
1 1 1 1 1 1 1 1 5 1 -1 1 3 0.5
1 1 1 1 1 1 1 1 -2 -5 -1 1 -2 0.5
1 1 1 1 1 1 1 1 2 6 -1 1 -1 0.5
1 1 1 1 1 1 1 1 4 -4 -1 1 1 0.5

1 1 1 1 1 1 1 1 -3 2 3 2 1 0.5
1 1 1 1 1 1 1 1 3 -2 1 -4 1 0.5
1 1 1 1 1 1 1 1 -1 -7 1 1 1 0.5
1 1 1 1 1 1 1 1 6 -2 1 1 1 0.5
1 1 1 1 1 1 1 1 3 5 1 -1 1 0.5
1 1 1 1 1 1 1 1 -2 -4 1 1 1 0.5
1 1 1 1 1 1 1 1 -3 2 -1 2 1 0.5
1 1 1 1 1 1 1 1 1 2 1 6 1 0.5
1 1 1 1 1 1 1 1 -1 5 1 -3 1 0.5
1 1 1 1 1 1 1 1 -3 -1 1 -5 1 0.5
