# 1 solution(s), each slicing 966 of 976 reduced edges (partition [8, 1, 1, 1, 1, 1])
# hyperplanes in the form  a.x = c : each row is [a_1 ... a_n  c]; an edge is sliced iff its two endpoints give a.x on opposite sides of c.

10 10 10 10 10 10 10 10 24 -18 33 26 -18 0.5
10 10 10 10 10 10 10 10 34 -54 -30 26 -22 0.5
10 10 10 10 10 10 10 10 33 8 -27 17 7 0.5
10 10 10 10 10 10 10 10 -8 7 57 -3 8 0.5
10 10 10 10 10 10 10 10 -25 21 -28 19 22 0.5
10 10 10 10 10 10 10 10 34 0 -33 26 -34 0.5
10 10 10 10 10 10 10 10 -24 24 1 -56 24 0.5
10 10 10 10 10 10 10 10 18 -16 -2 -62 -17 0.5
10 10 10 10 10 10 10 10 -24 24 17 16 26 0.5
10 10 10 10 10 10 10 10 -52 -14 -17 18 -16 0.5
