# 20 solution(s), each slicing 456 of 464 reduced edges (partition [9, 1, 1, 1, 1])
# hyperplanes in the form  a.x = c : each row is [a_1 ... a_n  c]; an edge is sliced iff its two endpoints give a.x on opposite sides of c.

-12 -12 -12 -12 -12 -12 -12 -12 -12 35 -44 -40 42 0.5
-12 -12 -12 -12 -12 -12 -12 -12 -12 -3 -29 5 -76 0.5
-12 -12 -12 -12 -12 -12 -12 -12 -12 16 40 40 -17 0.5
-12 -12 -12 -12 -12 -12 -12 -12 -12 -80 7 17 5 0.5
-12 -12 -12 -12 -12 -12 -12 -12 -12 20 -25 48 16 0.5
-12 -12 -12 -12 -12 -12 -12 -12 -12 -32 29 -48 -19 0.5
-12 -12 -12 -12 -12 -12 -12 -12 -12 33 54 -39 -26 0.5
-12 -12 -12 -12 -12 -12 -12 -12 -12 10 31 -10 76 0.5
-12 -12 -12 -12 -12 -12 -12 -12 -12 57 -22 -43 -19 0.5
-12 -12 -12 -12 -12 -12 -12 -12 -12 -37 -35 -36 11 0.5

-12 -12 -12 -12 -12 -12 -12 -12 -12 -15 52 -40 2 0.5
-12 -12 -12 -12 -12 -12 -12 -12 -12 27 -42 40 -8 0.5
-12 -12 -12 -12 -12 -12 -12 -12 -12 44 -43 -19 4 0.5
-12 -12 -12 -12 -12 -12 -12 -12 -12 53 9 -24 -1 0.5
-12 -12 -12 -12 -12 -12 -12 -12 -12 -62 -13 30 4 0.5
-12 -12 -12 -12 -12 -12 -12 -12 -12 52 27 26 5 0.5
-12 -12 -12 -12 -12 -12 -12 -12 -12 -31 -16 -49 6 0.5
-12 -12 -12 -12 -12 -12 -12 -12 -12 -17 37 50 -5 0.5
-12 -12 -12 -12 -12 -12 -12 -12 -12 -79 -11 -3 -20 0.5
-12 -12 -12 -12 -12 -12 -12 -12 -12 21 2 -10 -76 0.5

-12 -12 -12 -12 -12 -12 -12 -12 -12 43 -7 -22 -41 0.5
-12 -12 -12 -12 -12 -12 -12 -12 -12 -8 -75 -22 -6 0.5
-12 -12 -12 -12 -12 -12 -12 -12 -12 -78 -4 14 -14 0.5
-12 -12 -12 -12 -12 -12 -12 -12 -12 2 -21 76 -9 0.5
-12 -12 -12 -12 -12 -12 -12 -12 -12 -39 4 17 53 0.5
-12 -12 -12 -12 -12 -12 -12 -12 -12 -34 -3 -46 30 0.5
-12 -12 -12 -12 -12 -12 -12 -12 -12 41 7 51 -16 0.5
-12 -12 -12 -12 -12 -12 -12 -12 -12 -28 4 -27 -52 0.5
-12 -12 -12 -12 -12 -12 -12 -12 -12 58 -7 9 41 0.5
-12 -12 -12 -12 -12 -12 -12 -12 -12 40 3 -54 14 0.5

-12 -12 -12 -12 -12 -12 -12 -12 -12 -15 14 -76 -6 0.5
-12 -12 -12 -12 -12 -12 -12 -12 -12 38 -54 -14 -3 0.5
-12 -12 -12 -12 -12 -12 -12 -12 -12 44 32 35 -9 0.5
-12 -12 -12 -12 -12 -12 -12 -12 -12 29 -2 4 74 0.5
-12 -12 -12 -12 -12 -12 -12 -12 -12 -22 69 17 7 0.5
-12 -12 -12 -12 -12 -12 -12 -12 -12 31 -18 42 -6 0.5
-12 -12 -12 -12 -12 -12 -12 -12 -12 -78 2 -4 26 0.5
-12 -12 -12 -12 -12 -12 -12 -12 -12 -41 -17 51 -4 0.5
-12 -12 -12 -12 -12 -12 -12 -12 -12 -48 -43 -16 8 0.5
-12 -12 -12 -12 -12 -12 -12 -12 -12 55 15 -38 1 0.5

-12 -12 -12 -12 -12 -12 -12 -12 -12 -4 -8 -41 -59 0.5
-12 -12 -12 -12 -12 -12 -12 -12 -12 28 -2 69 -12 0.5
-12 -12 -12 -12 -12 -12 -12 -12 -12 -20 7 59 -30 0.5
-12 -12 -12 -12 -12 -12 -12 -12 -12 48 -27 -19 -32 0.5
-12 -12 -12 -12 -12 -12 -12 -12 -12 -11 -80 -6 11 0.5
-12 -12 -12 -12 -12 -12 -12 -12 -12 -77 -6 20 16 0.5
-12 -12 -12 -12 -12 -12 -12 -12 -12 -38 8 -50 14 0.5
-12 -12 -12 -12 -12 -12 -12 -12 -12 32 48 -30 -7 0.5
-12 -12 -12 -12 -12 -12 -12 -12 -12 14 1 33 61 0.5
-12 -12 -12 -12 -12 -12 -12 -12 -12 33 -22 -35 31 0.5

-12 -12 -12 -12 -12 -12 -12 -12 -12 55 -4 -37 -13 0.5
-12 -12 -12 -12 -12 -12 -12 -12 -12 -16 -77 15 -3 0.5
-12 -12 -12 -12 -12 -12 -12 -12 -12 -52 -9 -39 9 0.5
-12 -12 -12 -12 -12 -12 -12 -12 -12 -10 29 10 78 0.5
-12 -12 -12 -12 -12 -12 -12 -12 -12 43 10 -29 27 0.5
-12 -12 -12 -12 -12 -12 -12 -12 -12 -76 -5 8 20 0.5
-12 -12 -12 -12 -12 -12 -12 -12 -12 28 -6 72 5 0.5
-12 -12 -12 -12 -12 -12 -12 -12 -12 55 -40 -17 26 0.5
-12 -12 -12 -12 -12 -12 -12 -12 -12 5 51 39 -15 0.5
-12 -12 -12 -12 -12 -12 -12 -12 -12 -16 43 -21 -34 0.5

-12 -12 -12 -12 -12 -12 -12 -12 -12 53 -2 -17 39 0.5
-12 -12 -12 -12 -12 -12 -12 -12 -12 68 3 -21 -19 0.5
-12 -12 -12 -12 -12 -12 -12 -12 -12 -31 2 21 -56 0.5
-12 -12 -12 -12 -12 -12 -12 -12 -12 20 -2 29 -58 0.5
-12 -12 -12 -12 -12 -12 -12 -12 -12 -28 2 -38 43 0.5
-12 -12 -12 -12 -12 -12 -12 -12 -12 -29 -4 17 65 0.5
-12 -12 -12 -12 -12 -12 -12 -12 -12 -76 29 3 3 0.5
-12 -12 -12 -12 -12 -12 -12 -12 -12 28 75 2 6 0.5
-12 -12 -12 -12 -12 -12 -12 -12 -12 -19 -2 -45 -44 0.5
-12 -12 -12 -12 -12 -12 -12 -12 -12 9 -8 51 39 0.5

-12 -12 -12 -12 -12 -12 -12 -12 -12 -2 16 65 26 0.5
-12 -12 -12 -12 -12 -12 -12 -12 -12 -2 -42 -43 22 0.5
-12 -12 -12 -12 -12 -12 -12 -12 -12 28 20 -36 25 0.5
-12 -12 -12 -12 -12 -12 -12 -12 -12 -19 -57 39 14 0.5
-12 -12 -12 -12 -12 -12 -12 -12 -12 4 -22 -28 -61 0.5
-12 -12 -12 -12 -12 -12 -12 -12 -12 -30 -4 -2 71 0.5
-12 -12 -12 -12 -12 -12 -12 -12 -12 39 51 6 -17 0.5
-12 -12 -12 -12 -12 -12 -12 -12 -12 -8 -7 28 -72 0.5
-12 -12 -12 -12 -12 -12 -12 -12 -12 -75 2 -14 -20 0.5
-12 -12 -12 -12 -12 -12 -12 -12 -12 54 -51 3 4 0.5

-12 -12 -12 -12 -12 -12 -12 -12 -12 -5 -29 -32 47 0.5
-12 -12 -12 -12 -12 -12 -12 -12 -12 -75 6 -17 -18 0.5
-12 -12 -12 -12 -12 -12 -12 -12 -12 19 -2 1 -67 0.5
-12 -12 -12 -12 -12 -12 -12 -12 -12 21 -4 -72 -18 0.5
-12 -12 -12 -12 -12 -12 -12 -12 -12 19 57 -48 -18 0.5
-12 -12 -12 -12 -12 -12 -12 -12 -12 -16 -41 5 -51 0.5
-12 -12 -12 -12 -12 -12 -12 -12 -12 -41 3 4 64 0.5
-12 -12 -12 -12 -12 -12 -12 -12 -12 62 6 -17 26 0.5
-12 -12 -12 -12 -12 -12 -12 -12 -12 9 52 46 -4 0.5
-12 -12 -12 -12 -12 -12 -12 -12 -12 15 -35 35 28 0.5

-12 -12 -12 -12 -12 -12 -12 -12 -12 56 33 7 -14 0.5
-12 -12 -12 -12 -12 -12 -12 -12 -12 -7 7 53 49 0.5
-12 -12 -12 -12 -12 -12 -12 -12 -12 -74 11 3 5 0.5
-12 -12 -12 -12 -12 -12 -12 -12 -12 66 -26 9 8 0.5
-12 -12 -12 -12 -12 -12 -12 -12 -12 -14 67 -2 -28 0.5
-12 -12 -12 -12 -12 -12 -12 -12 -12 -5 -5 51 -48 0.5
-12 -12 -12 -12 -12 -12 -12 -12 -12 18 -31 -17 -48 0.5
-12 -12 -12 -12 -12 -12 -12 -12 -12 -30 -24 -5 -42 0.5
-12 -12 -12 -12 -12 -12 -12 -12 -12 19 16 -2 74 0.5
-12 -12 -12 -12 -12 -12 -12 -12 -12 -26 -38 -3 44 0.5

-12 -12 -12 -12 -12 -12 -12 -12 -12 -29 59 20 6 0.5
-12 -12 -12 -12 -12 -12 -12 -12 -12 9 -38 -58 -20 0.5
-12 -12 -12 -12 -12 -12 -12 -12 -12 37 25 35 10 0.5
-12 -12 -12 -12 -12 -12 -12 -12 -12 -26 -62 -17 5 0.5
-12 -12 -12 -12 -12 -12 -12 -12 -12 -15 30 -57 -8 0.5
-12 -12 -12 -12 -12 -12 -12 -12 -12 38 -50 18 5 0.5
-12 -12 -12 -12 -12 -12 -12 -12 -12 -18 -25 65 -7 0.5
-12 -12 -12 -12 -12 -12 -12 -12 -12 28 6 5 -72 0.5
-12 -12 -12 -12 -12 -12 -12 -12 -12 45 40 -13 11 0.5
-12 -12 -12 -12 -12 -12 -12 -12 -12 -74 11 10 -16 0.5

-12 -12 -12 -12 -12 -12 -12 -12 -12 -26 -63 -16 -5 0.5
-12 -12 -12 -12 -12 -12 -12 -12 -12 -28 59 23 -3 0.5
-12 -12 -12 -12 -12 -12 -12 -12 -12 -72 -8 3 27 0.5
-12 -12 -12 -12 -12 -12 -12 -12 -12 11 -41 -53 -2 0.5
-12 -12 -12 -12 -12 -12 -12 -12 -12 39 -16 50 -4 0.5
-12 -12 -12 -12 -12 -12 -12 -12 -12 -18 -16 66 -3 0.5
-12 -12 -12 -12 -12 -12 -12 -12 -12 -27 42 -40 4 0.5
-12 -12 -12 -12 -12 -12 -12 -12 -12 61 25 18 5 0.5
-12 -12 -12 -12 -12 -12 -12 -12 -12 39 17 -54 -5 0.5
-12 -12 -12 -12 -12 -12 -12 -12 -12 28 -3 -3 76 0.5

-12 -12 -12 -12 -12 -12 -12 -12 -12 40 65 3 -2 0.5
-12 -12 -12 -12 -12 -12 -12 -12 -12 -15 -51 28 5 0.5
-12 -12 -12 -12 -12 -12 -12 -12 -12 -30 28 26 25 0.5
-12 -12 -12 -12 -12 -12 -12 -12 -12 -18 -16 -15 63 0.5
-12 -12 -12 -12 -12 -12 -12 -12 -12 19 21 -43 -50 0.5
-12 -12 -12 -12 -12 -12 -12 -12 -12 64 -22 2 22 0.5
-12 -12 -12 -12 -12 -12 -12 -12 -12 10 31 -55 21 0.5
-12 -12 -12 -12 -12 -12 -12 -12 -12 8 -60 -39 -2 0.5
-12 -12 -12 -12 -12 -12 -12 -12 -12 -72 19 -17 -2 0.5
-12 -12 -12 -12 -12 -12 -12 -12 -12 -9 -5 22 -79 0.5

-12 -12 -12 -12 -12 -12 -12 -12 -12 -35 -66 10 4 0.5
-12 -12 -12 -12 -12 -12 -12 -12 -12 27 2 62 -20 0.5
-12 -12 -12 -12 -12 -12 -12 -12 -12 14 -9 33 53 0.5
-12 -12 -12 -12 -12 -12 -12 -12 -12 -21 -4 16 -71 0.5
-12 -12 -12 -12 -12 -12 -12 -12 -12 -9 -4 -32 68 0.5
-12 -12 -12 -12 -12 -12 -12 -12 -12 -69 3 20 19 0.5
-12 -12 -12 -12 -12 -12 -12 -12 -12 29 52 -27 1 0.5
-12 -12 -12 -12 -12 -12 -12 -12 -12 28 -28 -48 -5 0.5
-12 -12 -12 -12 -12 -12 -12 -12 -12 -18 8 -41 -46 0.5
-12 -12 -12 -12 -12 -12 -12 -12 -12 49 -47 9 -4 0.5

-12 -12 -12 -12 -12 -12 -12 -12 -12 19 27 2 63 0.5
-12 -12 -12 -12 -12 -12 -12 -12 -12 3 -19 79 -10 0.5
-12 -12 -12 -12 -12 -12 -12 -12 -12 -16 -56 7 31 0.5
-12 -12 -12 -12 -12 -12 -12 -12 -12 -68 -9 -2 -30 0.5
-12 -12 -12 -12 -12 -12 -12 -12 -12 -4 76 27 -3 0.5
-12 -12 -12 -12 -12 -12 -12 -12 -12 -38 17 -6 50 0.5
-12 -12 -12 -12 -12 -12 -12 -12 -12 9 -55 -3 -38 0.5
-12 -12 -12 -12 -12 -12 -12 -12 -12 63 -19 -3 26 0.5
-12 -12 -12 -12 -12 -12 -12 -12 -12 -6 19 -13 -45 0.5
-12 -12 -12 -12 -12 -12 -12 -12 -12 40 16 -4 -49 0.5

-12 -12 -12 -12 -12 -12 -12 -12 -12 -67 -32 -5 8 0.5
-12 -12 -12 -12 -12 -12 -12 -12 -12 -10 -20 53 -40 0.5
-12 -12 -12 -12 -12 -12 -12 -12 -12 43 25 -7 41 0.5
-12 -12 -12 -12 -12 -12 -12 -12 -12 -40 13 -7 57 0.5
-12 -12 -12 -12 -12 -12 -12 -12 -12 9 26 21 -53 0.5
-12 -12 -12 -12 -12 -12 -12 -12 -12 -11 18 -79 -1 0.5
-12 -12 -12 -12 -12 -12 -12 -12 -12 25 -66 -15 -3 0.5
-12 -12 -12 -12 -12 -12 -12 -12 -12 3 -13 38 55 0.5
-12 -12 -12 -12 -12 -12 -12 -12 -12 -30 60 19 3 0.5
-12 -12 -12 -12 -12 -12 -12 -12 -12 -20 -14 -25 -66 0.5

-12 -12 -12 -12 -12 -12 -12 -12 -12 1 62 32 -14 0.5
-12 -12 -12 -12 -12 -12 -12 -12 -12 8 -17 27 -52 0.5
-12 -12 -12 -12 -12 -12 -12 -12 -12 9 49 -45 22 0.5
-12 -12 -12 -12 -12 -12 -12 -12 -12 6 7 14 74 0.5
-12 -12 -12 -12 -12 -12 -12 -12 -12 -22 -13 33 -55 0.5
-12 -12 -12 -12 -12 -12 -12 -12 -12 2 -52 6 50 0.5
-12 -12 -12 -12 -12 -12 -12 -12 -12 -26 2 62 20 0.5
-12 -12 -12 -12 -12 -12 -12 -12 -12 -4 20 -60 -25 0.5
-12 -12 -12 -12 -12 -12 -12 -12 -12 -66 -3 -33 7 0.5
-12 -12 -12 -12 -12 -12 -12 -12 -12 4 -61 -28 -22 0.5

-12 -12 -12 -12 -12 -12 -12 -12 -12 -45 1 -38 -25 0.5
-12 -12 -12 -12 -12 -12 -12 -12 -12 16 4 51 -42 0.5
-12 -12 -12 -12 -12 -12 -12 -12 -12 62 5 -27 17 0.5
-12 -12 -12 -12 -12 -12 -12 -12 -12 80 -18 9 4 0.5
-12 -12 -12 -12 -12 -12 -12 -12 -12 -65 2 13 29 0.5
-12 -12 -12 -12 -12 -12 -12 -12 -12 27 -4 -27 -52 0.5
-12 -12 -12 -12 -12 -12 -12 -12 -12 -66 2 11 -28 0.5
-12 -12 -12 -12 -12 -12 -12 -12 -12 10 2 34 46 0.5
-12 -12 -12 -12 -12 -12 -12 -12 -12 -19 -79 10 -1 0.5
-12 -12 -12 -12 -12 -12 -12 -12 -12 -15 -3 -40 51 0.5

-12 -12 -12 -12 -12 -12 -12 -12 -12 64 16 -3 30 0.5
-12 -12 -12 -12 -12 -12 -12 -12 -12 -6 -18 79 -6 0.5
-12 -12 -12 -12 -12 -12 -12 -12 -12 34 33 6 -44 0.5
-12 -12 -12 -12 -12 -12 -12 -12 -12 -65 -7 -1 -26 0.5
-12 -12 -12 -12 -12 -12 -12 -12 -12 -30 -27 -4 51 0.5
-12 -12 -12 -12 -12 -12 -12 -12 -12 -10 45 43 -8 0.5
-12 -12 -12 -12 -12 -12 -12 -12 -12 -11 40 8 52 0.5
-12 -12 -12 -12 -12 -12 -12 -12 -12 18 -74 5 17 0.5
-12 -12 -12 -12 -12 -12 -12 -12 -12 21 -44 -1 -43 0.5
-12 -12 -12 -12 -12 -12 -12 -12 -12 -21 35 -42 -19 0.5

-12 -12 -12 -12 -12 -12 -12 -12 -12 -8 -27 15 -68 0.5
-12 -12 -12 -12 -12 -12 -12 -12 -12 28 -4 -54 27 0.5
-12 -12 -12 -12 -12 -12 -12 -12 -12 49 -19 42 -4 0.5
-12 -12 -12 -12 -12 -12 -12 -12 -12 27 2 -48 -33 0.5
-12 -12 -12 -12 -12 -12 -12 -12 -12 10 67 11 -33 0.5
-12 -12 -12 -12 -12 -12 -12 -12 -12 -59 17 -35 6 0.5
-12 -12 -12 -12 -12 -12 -12 -12 -12 -65 28 12 -5 0.5
-12 -12 -12 -12 -12 -12 -12 -12 -12 -8 -79 -19 -5 0.5
-12 -12 -12 -12 -12 -12 -12 -12 -12 55 38 15 2 0.5
-12 -12 -12 -12 -12 -12 -12 -12 -12 -22 -31 63 9 0.5
