# 2 solution(s), each slicing 204 of 212 reduced edges (partition [10, 1, 1, 1])
# hyperplanes in the form  a.x = c : each row is [a_1 ... a_n  c]; an edge is sliced iff its two endpoints give a.x on opposite sides of c.

-3 -3 -3 -3 -3 -3 -3 -3 -3 -3 13 -12 15 0.5
4 4 4 4 4 4 4 4 4 4 19 -15 -11 0.5
-4 -4 -4 -4 -4 -4 -4 -4 -4 -4 -17 -18 -6 0.5
-2 -2 -2 -2 -2 -2 -2 -2 -2 -2 3 5 -13 0.5
2 2 2 2 2 2 2 2 2 2 -15 1 1 0.5
7 7 7 7 7 7 7 7 7 7 -10 4 -17 0.5
-4 -4 -4 -4 -4 -4 -4 -4 -4 -4 -17 18 -3 0.5
-6 -6 -6 -6 -6 -6 -6 -6 -6 -6 -19 -19 13 0.5
3 3 3 3 3 3 3 3 3 3 1 7 16 0.5
3 3 3 3 3 3 3 3 3 3 -8 -13 -8 0.5

-3 -3 -3 -3 -3 -3 -3 -3 -3 -3 13 -9 13 0.5
4 4 4 4 4 4 4 4 4 4 19 -14 -12 0.5
-4 -4 -4 -4 -4 -4 -4 -4 -4 -4 -17 -18 -6 0.5
-2 -2 -2 -2 -2 -2 -2 -2 -2 -2 3 5 -13 0.5
2 2 2 2 2 2 2 2 2 2 -16 1 1 0.5
7 7 7 7 7 7 7 7 7 7 -11 2 -17 0.5
-4 -4 -4 -4 -4 -4 -4 -4 -4 -4 -17 18 -3 0.5
-6 -6 -6 -6 -6 -6 -6 -6 -6 -6 -19 -19 13 0.5
3 3 3 3 3 3 3 3 3 3 1 7 16 0.5
3 3 3 3 3 3 3 3 3 3 -8 -14 -7 0.5
