# 1 solution(s), each slicing 2226 of 2240 reduced edges (partition [8, 1, 1, 1, 1, 1, 1])
# hyperplanes in the form  a.x = c : each row is [a_1 ... a_n  c]; an edge is sliced iff its two endpoints give a.x on opposite sides of c.

-12 -12 -12 -12 -12 -12 -12 -12 -12 4 21 -3 68 -16 0.5
-12 -12 -12 -12 -12 -12 -12 -12 -12 3 9 -2 -49 40 0.5
-12 -12 -12 -12 -12 -12 -12 -12 -12 29 -2 -79 -2 3 0.5
-12 -12 -12 -12 -12 -12 -12 -12 -12 -73 -6 -22 3 -5 0.5
-12 -12 -12 -12 -12 -12 -12 -12 -12 2 -52 -1 -14 44 0.5
-12 -12 -12 -12 -12 -12 -12 -12 -12 -1 67 -4 -19 -18 0.5
-12 -12 -12 -12 -12 -12 -12 -12 -12 -1 17 5 42 54 0.5
-12 -12 -12 -12 -12 -12 -12 -12 -12 1 -39 1 17 -51 0.5
-12 -12 -12 -12 -12 -12 -12 -12 -12 72 2 29 -5 -1 0.5
-12 -12 -12 -12 -12 -12 -12 -12 -12 -1 -19 1 -43 -45 0.5
-12 -12 -12 -12 -12 -12 -12 -12 -12 -32 3 78 3 3 0.5
