# 20 solution(s), each slicing 1082 of 1088 reduced edges (partition [9, 1, 1, 1, 1, 1])
# hyperplanes in the form  a.x = c : each row is [a_1 ... a_n  c]; an edge is sliced iff its two endpoints give a.x on opposite sides of c.

-12 -12 -12 -12 -12 -12 -12 -12 -12 -5 15 -4 65 -20 0.5
-12 -12 -12 -12 -12 -12 -12 -12 -12 2 -1 7 -64 37 0.5
-12 -12 -12 -12 -12 -12 -12 -12 -12 22 10 -72 -5 -8 0.5
-12 -12 -12 -12 -12 -12 -12 -12 -12 -80 -4 -29 -2 2 0.5
-12 -12 -12 -12 -12 -12 -12 -12 -12 2 -56 3 -5 55 0.5
-12 -12 -12 -12 -12 -12 -12 -12 -12 -1 62 7 -23 -16 0.5
-12 -12 -12 -12 -12 -12 -12 -12 -12 5 12 -4 39 52 0.5
-12 -12 -12 -12 -12 -12 -12 -12 -12 -1 -42 -1 16 -51 0.5
-12 -12 -12 -12 -12 -12 -12 -12 -12 76 7 23 2 -1 0.5
-12 -12 -12 -12 -12 -12 -12 -12 -12 3 -22 2 -41 -43 0.5
-12 -12 -12 -12 -12 -12 -12 -12 -12 -23 6 69 7 4 0.5

-12 -12 -12 -12 -12 -12 -12 -12 -12 -2 23 -3 67 -22 0.5
-12 -12 -12 -12 -12 -12 -12 -12 -12 2 10 2 -53 43 0.5
-12 -12 -12 -12 -12 -12 -12 -12 -12 30 -2 -78 -3 3 0.5
-12 -12 -12 -12 -12 -12 -12 -12 -12 -80 1 -28 1 -1 0.5
-12 -12 -12 -12 -12 -12 -12 -12 -12 1 -59 5 -16 46 0.5
-12 -12 -12 -12 -12 -12 -12 -12 -12 -4 63 3 -19 -19 0.5
-12 -12 -12 -12 -12 -12 -12 -12 -12 3 12 4 40 54 0.5
-12 -12 -12 -12 -12 -12 -12 -12 -12 5 -37 5 13 -49 0.5
-12 -12 -12 -12 -12 -12 -12 -12 -12 73 10 16 -2 -8 0.5
-12 -12 -12 -12 -12 -12 -12 -12 -12 -1 -16 2 -39 -39 0.5
-12 -12 -12 -12 -12 -12 -12 -12 -12 -32 -2 76 -2 1 0.5

-12 -12 -12 -12 -12 -12 -12 -12 -12 3 42 3 41 -22 0.5
-12 -12 -12 -12 -12 -12 -12 -12 -12 1 -13 5 -42 58 0.5
-12 -12 -12 -12 -12 -12 -12 -12 -12 24 5 -73 7 7 0.5
-12 -12 -12 -12 -12 -12 -12 -12 -12 -79 4 -29 -3 -2 0.5
-12 -12 -12 -12 -12 -12 -12 -12 -12 -4 -69 -4 16 21 0.5
-12 -12 -12 -12 -12 -12 -12 -12 -12 -4 70 -3 -26 -18 0.5
-12 -12 -12 -12 -12 -12 -12 -12 -12 -3 14 2 39 51 0.5
-12 -12 -12 -12 -12 -12 -12 -12 -12 3 -40 -6 11 -51 0.5
-12 -12 -12 -12 -12 -12 -12 -12 -12 76 -2 33 -2 2 0.5
-12 -12 -12 -12 -12 -12 -12 -12 -12 -2 -11 -2 -54 -38 0.5
-12 -12 -12 -12 -12 -12 -12 -12 -12 -20 -4 75 7 -7 0.5

-12 -12 -12 -12 -12 -12 -12 -12 -12 1 43 3 42 -20 0.5
-12 -12 -12 -12 -12 -12 -12 -12 -12 3 -43 3 -53 14 0.5
-12 -12 -12 -12 -12 -12 -12 -12 -12 22 -6 -74 4 -5 0.5
-12 -12 -12 -12 -12 -12 -12 -12 -12 -78 -2 -33 1 -5 0.5
-12 -12 -12 -12 -12 -12 -12 -12 -12 7 -70 6 16 20 0.5
-12 -12 -12 -12 -12 -12 -12 -12 -12 -1 52 -1 -43 12 0.5
-12 -12 -12 -12 -12 -12 -12 -12 -12 2 20 -1 19 67 0.5
-12 -12 -12 -12 -12 -12 -12 -12 -12 -4 -14 0 52 -40 0.5
-12 -12 -12 -12 -12 -12 -12 -12 -12 76 -2 31 -3 1 0.5
-12 -12 -12 -12 -12 -12 -12 -12 -12 -4 14 -2 -44 -53 0.5
-12 -12 -12 -12 -12 -12 -12 -12 -12 -26 7 71 3 4 0.5

-12 -12 -12 -12 -12 -12 -12 -12 -12 -2 41 2 52 -16 0.5
-12 -12 -12 -12 -12 -12 -12 -12 -12 -6 -11 2 -40 50 0.5
-12 -12 -12 -12 -12 -12 -12 -12 -12 32 -2 -75 -3 -1 0.5
-12 -12 -12 -12 -12 -12 -12 -12 -12 -78 2 -21 1 -1 0.5
-12 -12 -12 -12 -12 -12 -12 -12 -12 -1 -65 -1 20 22 0.5
-12 -12 -12 -12 -12 -12 -12 -12 -12 -2 56 2 -40 14 0.5
-12 -12 -12 -12 -12 -12 -12 -12 -12 1 18 -1 46 43 0.5
-12 -12 -12 -12 -12 -12 -12 -12 -12 3 -23 -7 14 -66 0.5
-12 -12 -12 -12 -12 -12 -12 -12 -12 72 -4 29 2 4 0.5
-12 -12 -12 -12 -12 -12 -12 -12 -12 4 -14 -4 -54 -42 0.5
-12 -12 -12 -12 -12 -12 -12 -12 -12 -29 5 80 4 -1 0.5

-12 -12 -12 -12 -12 -12 -12 -12 -12 1 -13 1 55 41 0.5
-12 -12 -12 -12 -12 -12 -12 -12 -12 -2 37 0 -49 21 0.5
-12 -12 -12 -12 -12 -12 -12 -12 -12 21 4 -75 -4 5 0.5
-12 -12 -12 -12 -12 -12 -12 -12 -12 -78 3 -32 -2 2 0.5
-12 -12 -12 -12 -12 -12 -12 -12 -12 1 -65 -1 -20 -22 0.5
-12 -12 -12 -12 -12 -12 -12 -12 -12 -3 53 -3 42 -15 0.5
-12 -12 -12 -12 -12 -12 -12 -12 -12 5 -22 5 -14 70 0.5
-12 -12 -12 -12 -12 -12 -12 -12 -12 -4 -12 -4 39 -52 0.5
-12 -12 -12 -12 -12 -12 -12 -12 -12 74 -1 30 5 1 0.5
-12 -12 -12 -12 -12 -12 -12 -12 -12 1 19 2 -44 -43 0.5
-12 -12 -12 -12 -12 -12 -12 -12 -12 -27 -5 72 -3 -5 0.5

-12 -12 -12 -12 -12 -12 -12 -12 -12 -5 21 -1 70 -22 0.5
-12 -12 -12 -12 -12 -12 -12 -12 -12 3 7 3 -52 40 0.5
-12 -12 -12 -12 -12 -12 -12 -12 -12 27 -2 -80 -2 2 0.5
-12 -12 -12 -12 -12 -12 -12 -12 -12 -78 3 -29 4 -3 0.5
-12 -12 -12 -12 -12 -12 -12 -12 -12 2 -55 2 -16 46 0.5
-12 -12 -12 -12 -12 -12 -12 -12 -12 -2 67 3 -21 -18 0.5
-12 -12 -12 -12 -12 -12 -12 -12 -12 2 12 2 42 52 0.5
-12 -12 -12 -12 -12 -12 -12 -12 -12 2 -37 2 18 -52 0.5
-12 -12 -12 -12 -12 -12 -12 -12 -12 74 9 19 -1 -6 0.5
-12 -12 -12 -12 -12 -12 -12 -12 -12 -4 -20 1 -43 -41 0.5
-12 -12 -12 -12 -12 -12 -12 -12 -12 -30 -2 77 -4 6 0.5

-12 -12 -12 -12 -12 -12 -12 -12 -12 -3 22 -3 69 -15 0.5
-12 -12 -12 -12 -12 -12 -12 -12 -12 -5 12 -3 -51 40 0.5
-12 -12 -12 -12 -12 -12 -12 -12 -12 26 2 -72 -3 -8 0.5
-12 -12 -12 -12 -12 -12 -12 -12 -12 -77 -5 -28 -2 1 0.5
-12 -12 -12 -12 -12 -12 -12 -12 -12 -3 -55 -1 -15 41 0.5
-12 -12 -12 -12 -12 -12 -12 -12 -12 -3 68 1 -18 -19 0.5
-12 -12 -12 -12 -12 -12 -12 -12 -12 3 16 2 42 52 0.5
-12 -12 -12 -12 -12 -12 -12 -12 -12 1 -39 -1 17 -51 0.5
-12 -12 -12 -12 -12 -12 -12 -12 -12 74 1 34 1 1 0.5
-12 -12 -12 -12 -12 -12 -12 -12 -12 1 -19 3 -43 -43 0.5
-12 -12 -12 -12 -12 -12 -12 -12 -12 -23 -5 74 5 -4 0.5

-12 -12 -12 -12 -12 -12 -12 -12 -12 -7 23 -7 69 -15 0.5
-12 -12 -12 -12 -12 -12 -12 -12 -12 8 12 2 -50 37 0.5
-12 -12 -12 -12 -12 -12 -12 -12 -12 27 4 -72 -1 -5 0.5
-12 -12 -12 -12 -12 -12 -12 -12 -12 -77 1 -28 2 5 0.5
-12 -12 -12 -12 -12 -12 -12 -12 -12 1 -57 1 -13 39 0.5
-12 -12 -12 -12 -12 -12 -12 -12 -12 -1 67 4 -18 -19 0.5
-12 -12 -12 -12 -12 -12 -12 -12 -12 -1 15 -3 42 54 0.5
-12 -12 -12 -12 -12 -12 -12 -12 -12 4 -38 0 18 -51 0.5
-12 -12 -12 -12 -12 -12 -12 -12 -12 79 -3 30 2 -1 0.5
-12 -12 -12 -12 -12 -12 -12 -12 -12 -1 -20 -1 -46 -41 0.5
-12 -12 -12 -12 -12 -12 -12 -12 -12 -21 -6 74 5 -5 0.5

-12 -12 -12 -12 -12 -12 -12 -12 -12 3 41 2 51 -12 0.5
-12 -12 -12 -12 -12 -12 -12 -12 -12 2 16 1 -49 41 0.5
-12 -12 -12 -12 -12 -12 -12 -12 -12 28 -3 -80 2 2 0.5
-12 -12 -12 -12 -12 -12 -12 -12 -12 -77 2 -31 -3 -4 0.5
-12 -12 -12 -12 -12 -12 -12 -12 -12 2 -75 2 17 27 0.5
-12 -12 -12 -12 -12 -12 -12 -12 -12 -6 71 -1 -22 -21 0.5
-12 -12 -12 -12 -12 -12 -12 -12 -12 3 8 2 41 53 0.5
-12 -12 -12 -12 -12 -12 -12 -12 -12 -3 -41 3 20 -40 0.5
-12 -12 -12 -12 -12 -12 -12 -12 -12 74 -2 19 -7 -8 0.5
-12 -12 -12 -12 -12 -12 -12 -12 -12 -2 -15 6 -46 -34 0.5
-12 -12 -12 -12 -12 -12 -12 -12 -12 -28 -3 79 3 2 0.5

-12 -12 -12 -12 -12 -12 -12 -12 -12 3 13 -6 50 -37 0.5
-12 -12 -12 -12 -12 -12 -12 -12 -12 -2 8 -3 -65 39 0.5
-12 -12 -12 -12 -12 -12 -12 -12 -12 22 -6 -71 7 3 0.5
-12 -12 -12 -12 -12 -12 -12 -12 -12 -77 3 -31 -3 2 0.5
-12 -12 -12 -12 -12 -12 -12 -12 -12 -6 -51 3 12 40 0.5
-12 -12 -12 -12 -12 -12 -12 -12 -12 1 80 -1 -9 -4 0.5
-12 -12 -12 -12 -12 -12 -12 -12 -12 5 15 5 35 49 0.5
-12 -12 -12 -12 -12 -12 -12 -12 -12 -1 -42 -1 20 -45 0.5
-12 -12 -12 -12 -12 -12 -12 -12 -12 76 -3 31 -3 -2 0.5
-12 -12 -12 -12 -12 -12 -12 -12 -12 2 -16 2 -56 -39 0.5
-12 -12 -12 -12 -12 -12 -12 -12 -12 -27 1 69 6 -6 0.5

-12 -12 -12 -12 -12 -12 -12 -12 -12 -7 22 -7 71 -14 0.5
-12 -12 -12 -12 -12 -12 -12 -12 -12 2 11 2 -56 38 0.5
-12 -12 -12 -12 -12 -12 -12 -12 -12 27 4 -73 -4 -5 0.5
-12 -12 -12 -12 -12 -12 -12 -12 -12 -77 3 -28 3 4 0.5
-12 -12 -12 -12 -12 -12 -12 -12 -12 2 -53 2 -13 43 0.5
-12 -12 -12 -12 -12 -12 -12 -12 -12 -2 68 3 -19 -19 0.5
-12 -12 -12 -12 -12 -12 -12 -12 -12 -2 14 -3 41 55 0.5
-12 -12 -12 -12 -12 -12 -12 -12 -12 3 -38 0 13 -55 0.5
-12 -12 -12 -12 -12 -12 -12 -12 -12 79 -2 30 1 -1 0.5
-12 -12 -12 -12 -12 -12 -12 -12 -12 -1 -19 -2 -44 -43 0.5
-12 -12 -12 -12 -12 -12 -12 -12 -12 -22 -5 74 5 -3 0.5

-12 -12 -12 -12 -12 -12 -12 -12 -12 4 18 4 67 -20 0.5
-12 -12 -12 -12 -12 -12 -12 -12 -12 -8 -1 -2 -63 37 0.5
-12 -12 -12 -12 -12 -12 -12 -12 -12 21 8 -71 5 4 0.5
-12 -12 -12 -12 -12 -12 -12 -12 -12 -76 -4 -30 6 -2 0.5
-12 -12 -12 -12 -12 -12 -12 -12 -12 2 -57 2 -3 53 0.5
-12 -12 -12 -12 -12 -12 -12 -12 -12 2 65 -1 -20 -21 0.5
-12 -12 -12 -12 -12 -12 -12 -12 -12 -3 10 9 34 53 0.5
-12 -12 -12 -12 -12 -12 -12 -12 -12 -1 -40 -1 18 -51 0.5
-12 -12 -12 -12 -12 -12 -12 -12 -12 79 -2 28 -3 1 0.5
-12 -12 -12 -12 -12 -12 -12 -12 -12 -2 -18 -6 -40 -45 0.5
-12 -12 -12 -12 -12 -12 -12 -12 -12 -23 8 69 -5 -6 0.5

-12 -12 -12 -12 -12 -12 -12 -12 -12 3 18 -7 63 -22 0.5
-12 -12 -12 -12 -12 -12 -12 -12 -12 2 10 -5 -54 40 0.5
-12 -12 -12 -12 -12 -12 -12 -12 -12 28 -6 -73 -4 -2 0.5
-12 -12 -12 -12 -12 -12 -12 -12 -12 -76 -1 -19 9 -4 0.5
-12 -12 -12 -12 -12 -12 -12 -12 -12 5 -64 -3 -5 43 0.5
-12 -12 -12 -12 -12 -12 -12 -12 -12 -3 67 -4 -23 -13 0.5
-12 -12 -12 -12 -12 -12 -12 -12 -12 -3 15 3 42 55 0.5
-12 -12 -12 -12 -12 -12 -12 -12 -12 3 -41 3 13 -49 0.5
-12 -12 -12 -12 -12 -12 -12 -12 -12 73 6 20 -4 -6 0.5
-12 -12 -12 -12 -12 -12 -12 -12 -12 -5 -18 5 -44 -37 0.5
-12 -12 -12 -12 -12 -12 -12 -12 -12 -27 6 80 6 2 0.5

-12 -12 -12 -12 -12 -12 -12 -12 -12 2 17 -2 68 -20 0.5
-12 -12 -12 -12 -12 -12 -12 -12 -12 1 9 -1 -54 38 0.5
-12 -12 -12 -12 -12 -12 -12 -12 -12 30 -3 -79 -3 4 0.5
-12 -12 -12 -12 -12 -12 -12 -12 -12 -75 -2 -26 5 -3 0.5
-12 -12 -12 -12 -12 -12 -12 -12 -12 2 -52 -2 -14 43 0.5
-12 -12 -12 -12 -12 -12 -12 -12 -12 -1 69 -2 -19 -18 0.5
-12 -12 -12 -12 -12 -12 -12 -12 -12 -1 14 2 44 52 0.5
-12 -12 -12 -12 -12 -12 -12 -12 -12 2 -38 3 18 -50 0.5
-12 -12 -12 -12 -12 -12 -12 -12 -12 74 2 24 -8 -2 0.5
-12 -12 -12 -12 -12 -12 -12 -12 -12 -2 -21 3 -44 -41 0.5
-12 -12 -12 -12 -12 -12 -12 -12 -12 -28 2 80 2 1 0.5

-12 -12 -12 -12 -12 -12 -12 -12 -12 -5 -19 -5 69 15 0.5
-12 -12 -12 -12 -12 -12 -12 -12 -12 4 18 5 -50 34 0.5
-12 -12 -12 -12 -12 -12 -12 -12 -12 22 -6 -69 -4 8 0.5
-12 -12 -12 -12 -12 -12 -12 -12 -12 -75 1 -33 -1 -1 0.5
-12 -12 -12 -12 -12 -12 -12 -12 -12 -1 -67 4 -19 18 0.5
-12 -12 -12 -12 -12 -12 -12 -12 -12 3 52 -1 6 -41 0.5
-12 -12 -12 -12 -12 -12 -12 -12 -12 1 41 -3 14 50 0.5
-12 -12 -12 -12 -12 -12 -12 -12 -12 3 -18 2 38 -54 0.5
-12 -12 -12 -12 -12 -12 -12 -12 -12 79 -1 29 3 -3 0.5
-12 -12 -12 -12 -12 -12 -12 -12 -12 -1 4 -2 -64 -42 0.5
-12 -12 -12 -12 -12 -12 -12 -12 -12 -26 6 70 9 8 0.5

-12 -12 -12 -12 -12 -12 -12 -12 -12 4 21 -3 68 -16 0.5
-12 -12 -12 -12 -12 -12 -12 -12 -12 3 9 -2 -49 40 0.5
-12 -12 -12 -12 -12 -12 -12 -12 -12 29 -2 -79 -2 3 0.5
-12 -12 -12 -12 -12 -12 -12 -12 -12 -73 -6 -22 3 -5 0.5
-12 -12 -12 -12 -12 -12 -12 -12 -12 2 -52 -1 -14 44 0.5
-12 -12 -12 -12 -12 -12 -12 -12 -12 -1 67 -4 -19 -18 0.5
-12 -12 -12 -12 -12 -12 -12 -12 -12 -1 17 5 42 54 0.5
-12 -12 -12 -12 -12 -12 -12 -12 -12 1 -39 1 17 -51 0.5
-12 -12 -12 -12 -12 -12 -12 -12 -12 72 2 29 -5 -1 0.5
-12 -12 -12 -12 -12 -12 -12 -12 -12 -1 -19 1 -43 -45 0.5
-12 -12 -12 -12 -12 -12 -12 -12 -12 -32 3 78 3 3 0.5

-12 -12 -12 -12 -12 -12 -12 -12 -12 1 23 -1 71 -13 0.5
-12 -12 -12 -12 -12 -12 -12 -12 -12 0 6 -5 -50 38 0.5
-12 -12 -12 -12 -12 -12 -12 -12 -12 32 -3 -76 -3 1 0.5
-12 -12 -12 -12 -12 -12 -12 -12 -12 -70 -5 -21 7 -6 0.5
-12 -12 -12 -12 -12 -12 -12 -12 -12 4 -64 -3 -5 41 0.5
-12 -12 -12 -12 -12 -12 -12 -12 -12 -1 69 -1 -21 -17 0.5
-12 -12 -12 -12 -12 -12 -12 -12 -12 -2 17 2 37 55 0.5
-12 -12 -12 -12 -12 -12 -12 -12 -12 4 -38 3 15 -49 0.5
-12 -12 -12 -12 -12 -12 -12 -12 -12 70 7 25 -3 -4 0.5
-12 -12 -12 -12 -12 -12 -12 -12 -12 -5 -16 4 -46 -40 0.5
-12 -12 -12 -12 -12 -12 -12 -12 -12 -31 3 78 3 3 0.5

-12 -12 -12 -12 -12 -12 -12 -12 -12 -3 19 3 70 -18 0.5
-12 -12 -12 -12 -12 -12 -12 -12 -12 0 -6 -2 -67 40 0.5
-12 -12 -12 -12 -12 -12 -12 -12 -12 33 1 -76 2 3 0.5
-12 -12 -12 -12 -12 -12 -12 -12 -12 -70 7 -22 -4 -8 0.5
-12 -12 -12 -12 -12 -12 -12 -12 -12 2 -54 2 8 43 0.5
-12 -12 -12 -12 -12 -12 -12 -12 -12 4 66 1 -19 -19 0.5
-12 -12 -12 -12 -12 -12 -12 -12 -12 3 17 -4 38 55 0.5
-12 -12 -12 -12 -12 -12 -12 -12 -12 -2 -40 -2 14 -52 0.5
-12 -12 -12 -12 -12 -12 -12 -12 -12 69 -2 25 5 -8 0.5
-12 -12 -12 -12 -12 -12 -12 -12 -12 4 -18 -3 -50 -34 0.5
-12 -12 -12 -12 -12 -12 -12 -12 -12 -29 -3 77 -3 3 0.5

-12 -12 -12 -12 -12 -12 -12 -12 -12 9 22 -1 64 -13 0.5
-12 -12 -12 -12 -12 -12 -12 -12 -12 -1 54 -2 -37 19 0.5
-12 -12 -12 -12 -12 -12 -12 -12 -12 35 -3 -59 9 5 0.5
-12 -12 -12 -12 -12 -12 -12 -12 -12 -69 7 -35 1 9 0.5
-12 -12 -12 -12 -12 -12 -12 -12 -12 -6 -70 4 10 19 0.5
-12 -12 -12 -12 -12 -12 -12 -12 -12 -1 51 -5 -17 -35 0.5
-12 -12 -12 -12 -12 -12 -12 -12 -12 3 14 4 15 74 0.5
-12 -12 -12 -12 -12 -12 -12 -12 -12 -8 -29 -4 0 -72 0.5
-12 -12 -12 -12 -12 -12 -12 -12 -12 68 -7 40 -4 -4 0.5
-12 -12 -12 -12 -12 -12 -12 -12 -12 -3 -53 -4 -56 -7 0.5
-12 -12 -12 -12 -12 -12 -12 -12 -12 -28 9 65 5 -2 0.5
