# 3 solution(s), each slicing 114666 of 114688 edges
# hyperplanes in the form  a.x = c : each row is [a_1 ... a_n  c]; an edge is sliced iff its two endpoints give a.x on opposite sides of c.

-12 -12 -12 -12 -12 -12 -12 -12 -12 -2 22 -4 74 -16 0.5
-12 -12 -12 -12 -12 -12 -12 -12 -12 1 23 1 -53 33 0.5
-12 -12 -12 -12 -12 -12 -12 -12 -11 33 -7 -62 -2 -4 0.5
-12 -12 -12 -12 -12 -12 -12 -12 -12 -65 -6 -28 -9 5 0.5
-12 -12 -12 -12 -12 -12 -12 -12 -12 7 -52 2 -16 34 0.5
-12 -12 -12 -12 -12 -12 -12 -12 -13 -5 75 -4 -14 -18 0.5
-12 -12 -12 -12 -12 -12 -12 -12 -11 -2 -6 -14 31 67 0.5
-12 -12 -12 -12 -12 -12 -12 -12 -12 -7 -35 -1 14 -52 0.5
-12 -12 -12 -12 -12 -12 -12 -12 -12 67 2 39 5 -8 0.5
-12 -12 -12 -12 -12 -12 -12 -12 -14 -3 -15 5 -37 -53 0.5
-12 -12 -12 -12 -12 -12 -12 -12 -11 -27 -4 69 6 6 0.5

-12 -12 -12 -12 -12 -12 -12 -12 -12 6 19 -3 74 -19 0.5
-12 -12 -12 -12 -12 -12 -12 -12 -12 -3 19 2 -53 39 0.5
-12 -12 -12 -12 -12 -12 -12 -12 -14 30 -4 -79 3 1 0.5
-12 -12 -12 -12 -12 -12 -12 -12 -13 -63 -5 -31 8 5 0.5
-12 -12 -12 -12 -12 -12 -12 -12 -13 -3 -55 4 -14 38 0.5
-12 -12 -12 -12 -12 -12 -12 -12 -13 6 71 -1 -16 -16 0.5
-12 -12 -12 -12 -12 -12 -12 -12 -12 -2 -3 13 32 65 0.5
-12 -12 -12 -12 -12 -12 -12 -12 -12 -5 -34 5 16 -50 0.5
-12 -12 -12 -12 -12 -12 -12 -12 -12 70 -4 27 -6 -8 0.5
-12 -12 -12 -12 -12 -12 -12 -12 -13 -2 -12 -5 -40 -51 0.5
-12 -12 -12 -12 -12 -12 -12 -12 -12 -30 2 66 -2 -9 0.5

-12 -12 -12 -12 -12 -12 -12 -12 -12 -2 18 4 66 -21 0.5
-12 -12 -12 -12 -12 -12 -12 -12 -10 3 -15 -15 -65 41 0.5
-12 -12 -12 -12 -12 -12 -12 -12 -12 29 5 -71 7 -5 0.5
-12 -12 -12 -12 -12 -12 -12 -12 -13 -70 -4 -26 5 -5 0.5
-12 -12 -12 -12 -12 -12 -12 -12 -13 3 -52 -5 12 40 0.5
-12 -12 -12 -12 -12 -12 -12 -12 -11 2 67 -4 -18 -26 0.5
-12 -12 -12 -12 -12 -12 -12 -12 -12 -6 17 0 38 53 0.5
-12 -12 -12 -12 -12 -12 -12 -12 -12 5 -34 7 10 -57 0.5
-12 -12 -12 -12 -12 -12 -12 -12 -12 71 8 27 7 6 0.5
-12 -12 -12 -12 -12 -12 -12 -12 -13 1 -18 -5 -52 -34 0.5
-12 -12 -12 -12 -12 -12 -12 -12 -13 -30 -6 76 -3 3 0.5
