# 20 solution(s), each slicing 504 of 512 reduced edges (partition [10, 1, 1, 1, 1])
# hyperplanes in the form  a.x = c : each row is [a_1 ... a_n  c]; an edge is sliced iff its two endpoints give a.x on opposite sides of c.

-15 -15 -15 -15 -15 -15 -15 -15 -15 -15 -90 -6 -19 -38 0.5
-15 -15 -15 -15 -15 -15 -15 -15 -15 -15 -63 -10 8 84 0.5
-15 -15 -15 -15 -15 -15 -15 -15 -15 -15 -8 21 -46 80 0.5
-15 -15 -15 -15 -15 -15 -15 -15 -15 -15 51 -86 50 50 0.5
-15 -15 -15 -15 -15 -15 -15 -15 -15 -15 11 -87 -29 44 0.5
-15 -15 -15 -15 -15 -15 -15 -15 -15 -15 76 26 5 18 0.5
-15 -15 -15 -15 -15 -15 -15 -15 -15 -15 20 10 -83 -40 0.5
-15 -15 -15 -15 -15 -15 -15 -15 -15 -15 10 -58 11 -90 0.5
-15 -15 -15 -15 -15 -15 -15 -15 -15 -15 66 25 67 19 0.5
-15 -15 -15 -15 -15 -15 -15 -15 -15 -15 18 3 5 -82 0.5
-15 -15 -15 -15 -15 -15 -15 -15 -15 -15 -63 16 51 -22 0.5

-15 -15 -15 -15 -15 -15 -15 -15 -15 -15 77 22 -33 19 0.5
-15 -15 -15 -15 -15 -15 -15 -15 -15 -15 -79 -28 28 12 0.5
-15 -15 -15 -15 -15 -15 -15 -15 -15 -15 1 80 14 34 0.5
-15 -15 -15 -15 -15 -15 -15 -15 -15 -15 13 -27 32 79 0.5
-15 -15 -15 -15 -15 -15 -15 -15 -15 -15 -2 80 -28 -42 0.5
-15 -15 -15 -15 -15 -15 -15 -15 -15 -15 8 22 73 -53 0.5
-15 -15 -15 -15 -15 -15 -15 -15 -15 -15 -78 59 1 13 0.5
-15 -15 -15 -15 -15 -15 -15 -15 -15 -15 -53 -19 -70 9 0.5
-15 -15 -15 -15 -15 -15 -15 -15 -15 -15 2 -79 -30 16 0.5
-15 -15 -15 -15 -15 -15 -15 -15 -15 -15 4 -39 -43 -69 0.5
-15 -15 -15 -15 -15 -15 -15 -15 -15 -15 -8 -72 56 -29 0.5

-14 -14 -14 -14 -14 -14 -14 -14 -14 -14 10 -80 -38 -19 0.5
-14 -14 -14 -14 -14 -14 -14 -14 -14 -14 9 50 20 -65 0.5
-14 -14 -14 -14 -14 -14 -14 -14 -14 -14 7 -20 22 -80 0.5
-14 -14 -14 -14 -14 -14 -14 -14 -14 -14 -62 71 -5 -11 0.5
-14 -14 -14 -14 -14 -14 -14 -14 -14 -14 -79 -20 -20 22 0.5
-14 -14 -14 -14 -14 -14 -14 -14 -14 -14 12 -25 -21 80 0.5
-14 -14 -14 -14 -14 -14 -14 -14 -14 -14 6 -19 36 80 0.5
-14 -14 -14 -14 -14 -14 -14 -14 -14 -14 7 36 -80 -8 0.5
-14 -14 -14 -14 -14 -14 -14 -14 -14 -14 -35 7 79 22 0.5
-14 -14 -14 -14 -14 -14 -14 -14 -14 -14 44 60 -5 32 0.5
-14 -14 -14 -14 -14 -14 -14 -14 -14 -14 -35 -50 19 -51 0.5

-14 -14 -14 -14 -14 -14 -14 -14 -14 -14 -24 35 69 25 0.5
-14 -14 -14 -14 -14 -14 -14 -14 -14 -14 61 59 62 53 0.5
-14 -14 -14 -14 -14 -14 -14 -14 -14 -14 27 -86 48 22 0.5
-14 -14 -14 -14 -14 -14 -14 -14 -14 -14 -10 -31 -15 85 0.5
-14 -14 -14 -14 -14 -14 -14 -14 -14 -14 42 31 -94 -30 0.5
-14 -14 -14 -14 -14 -14 -14 -14 -14 -14 -36 -40 26 -48 0.5
-14 -14 -14 -14 -14 -14 -14 -14 -14 -14 63 2 14 -15 0.5
-14 -14 -14 -14 -14 -14 -14 -14 -14 -14 33 84 -23 35 0.5
-14 -14 -14 -14 -14 -14 -14 -14 -14 -14 -74 8 -53 -10 0.5
-14 -14 -14 -14 -14 -14 -14 -14 -14 -14 29 23 21 -100 0.5
-14 -14 -14 -14 -14 -14 -14 -14 -14 -14 30 -48 -52 -13 0.5

-13 -13 -13 -13 -13 -13 -13 -13 -13 -13 9 -5 -76 29 0.5
-13 -13 -13 -13 -13 -13 -13 -13 -13 -13 -80 -38 1 -12 0.5
-13 -13 -13 -13 -13 -13 -13 -13 -13 -13 -46 -3 -17 65 0.5
-13 -13 -13 -13 -13 -13 -13 -13 -13 -13 -65 49 4 17 0.5
-13 -13 -13 -13 -13 -13 -13 -13 -13 -13 31 -28 4 70 0.5
-13 -13 -13 -13 -13 -13 -13 -13 -13 -13 -12 3 -47 -69 0.5
-13 -13 -13 -13 -13 -13 -13 -13 -13 -13 -42 5 7 -68 0.5
-13 -13 -13 -13 -13 -13 -13 -13 -13 -13 61 15 37 -18 0.5
-13 -13 -13 -13 -13 -13 -13 -13 -13 -13 34 -73 -3 -23 0.5
-13 -13 -13 -13 -13 -13 -13 -13 -13 -13 37 67 -5 29 0.5
-13 -13 -13 -13 -13 -13 -13 -13 -13 -13 80 9 -22 -20 0.5

-13 -13 -13 -13 -13 -13 -13 -13 -13 -13 14 5 79 35 0.5
-13 -13 -13 -13 -13 -13 -13 -13 -13 -13 -51 56 29 29 0.5
-13 -13 -13 -13 -13 -13 -13 -13 -13 -13 50 62 -45 36 0.5
-13 -13 -13 -13 -13 -13 -13 -13 -13 -13 -39 -30 34 44 0.5
-13 -13 -13 -13 -13 -13 -13 -13 -13 -13 46 -28 -23 42 0.5
-13 -13 -13 -13 -13 -13 -13 -13 -13 -13 73 39 5 10 0.5
-13 -13 -13 -13 -13 -13 -13 -13 -13 -13 -12 -27 -80 -12 0.5
-13 -13 -13 -13 -13 -13 -13 -13 -13 -13 25 25 -1 -80 0.5
-13 -13 -13 -13 -13 -13 -13 -13 -13 -13 15 -19 42 -56 0.5
-13 -13 -13 -13 -13 -13 -13 -13 -13 -13 -41 31 -53 10 0.5
-13 -13 -13 -13 -13 -13 -13 -13 -13 -13 -80 8 11 -44 0.5

-13 -13 -13 -13 -13 -13 -13 -13 -13 -13 80 18 -28 7 0.5
-13 -13 -13 -13 -13 -13 -13 -13 -13 -13 46 -80 11 8 0.5
-13 -13 -13 -13 -13 -13 -13 -13 -13 -13 22 -1 33 73 0.5
-13 -13 -13 -13 -13 -13 -13 -13 -13 -13 31 -31 -35 75 0.5
-13 -13 -13 -13 -13 -13 -13 -13 -13 -13 -22 76 -7 -33 0.5
-13 -13 -13 -13 -13 -13 -13 -13 -13 -13 -9 -40 24 -58 0.5
-13 -13 -13 -13 -13 -13 -13 -13 -13 -13 43 23 57 -21 0.5
-13 -13 -13 -13 -13 -13 -13 -13 -13 -13 -51 22 -44 9 0.5
-13 -13 -13 -13 -13 -13 -13 -13 -13 -13 -49 -74 -8 3 0.5
-13 -13 -13 -13 -13 -13 -13 -13 -13 -13 9 -34 -34 -66 0.5
-13 -13 -13 -13 -13 -13 -13 -13 -13 -13 -80 9 27 17 0.5

-13 -13 -13 -13 -13 -13 -13 -13 -13 -13 -28 -21 72 12 0.5
-13 -13 -13 -13 -13 -13 -13 -13 -13 -13 -25 -6 -80 -30 0.5
-13 -13 -13 -13 -13 -13 -13 -13 -13 -13 -35 -50 59 -54 0.5
-13 -13 -13 -13 -13 -13 -13 -13 -13 -13 35 -44 -47 9 0.5
-13 -13 -13 -13 -13 -13 -13 -13 -13 -13 -79 -10 -29 7 0.5
-13 -13 -13 -13 -13 -13 -13 -13 -13 -13 30 4 -76 -23 0.5
-13 -13 -13 -13 -13 -13 -13 -13 -13 -13 -20 37 56 -49 0.5
-13 -13 -13 -13 -13 -13 -13 -13 -13 -13 -75 52 -9 7 0.5
-13 -13 -13 -13 -13 -13 -13 -13 -13 -13 46 -33 55 -9 0.5
-13 -13 -13 -13 -13 -13 -13 -13 -13 -13 54 69 5 5 0.5
-13 -13 -13 -13 -13 -13 -13 -13 -13 -13 80 2 20 4 0.5

-13 -13 -13 -13 -13 -13 -13 -13 -13 -13 18 31 71 -19 0.5
-13 -13 -13 -13 -13 -13 -13 -13 -13 -13 76 -10 47 6 0.5
-13 -13 -13 -13 -13 -13 -13 -13 -13 -13 43 -21 -62 -5 0.5
-13 -13 -13 -13 -13 -13 -13 -13 -13 -13 -19 -21 -79 -2 0.5
-13 -13 -13 -13 -13 -13 -13 -13 -13 -13 -16 -80 24 -15 0.5
-13 -13 -13 -13 -13 -13 -13 -13 -13 -13 34 29 22 72 0.5
-13 -13 -13 -13 -13 -13 -13 -13 -13 -13 -31 -28 80 41 0.5
-13 -13 -13 -13 -13 -13 -13 -13 -13 -13 -73 23 11 40 0.5
-13 -13 -13 -13 -13 -13 -13 -13 -13 -13 -34 31 -2 -66 0.5
-13 -13 -13 -13 -13 -13 -13 -13 -13 -13 -18 -21 -45 59 0.5
-13 -13 -13 -13 -13 -13 -13 -13 -13 -13 4 79 -47 7 0.5

-12 -12 -12 -12 -12 -12 -12 -12 -12 -12 28 -14 62 -17 0.5
-12 -12 -12 -12 -12 -12 -12 -12 -12 -12 -39 -1 54 -27 0.5
-12 -12 -12 -12 -12 -12 -12 -12 -12 -12 -78 8 19 16 0.5
-12 -12 -12 -12 -12 -12 -12 -12 -12 -12 -17 6 -37 -64 0.5
-12 -12 -12 -12 -12 -12 -12 -12 -12 -12 49 11 -21 40 0.5
-12 -12 -12 -12 -12 -12 -12 -12 -12 -12 55 2 27 -38 0.5
-12 -12 -12 -12 -12 -12 -12 -12 -12 -12 -50 4 -44 16 0.5
-12 -12 -12 -12 -12 -12 -12 -12 -12 -12 -10 -41 -77 9 0.5
-12 -12 -12 -12 -12 -12 -12 -12 -12 -12 -16 -77 28 8 0.5
-12 -12 -12 -12 -12 -12 -12 -12 -12 -12 64 -2 -35 -22 0.5
-12 -12 -12 -12 -12 -12 -12 -12 -12 -12 17 -5 28 76 0.5

-12 -12 -12 -12 -12 -12 -12 -12 -12 -12 44 -25 9 59 0.5
-12 -12 -12 -12 -12 -12 -12 -12 -12 -12 11 88 29 9 0.5
-12 -12 -12 -12 -12 -12 -12 -12 -12 -12 6 -52 10 -37 0.5
-12 -12 -12 -12 -12 -12 -12 -12 -12 -12 47 67 -38 41 0.5
-12 -12 -12 -12 -12 -12 -12 -12 -12 -12 44 -17 -32 50 0.5
-12 -12 -12 -12 -12 -12 -12 -12 -12 -12 -3 -21 -79 -21 0.5
-12 -12 -12 -12 -12 -12 -12 -12 -12 -12 -74 6 -15 28 0.5
-12 -12 -12 -12 -12 -12 -12 -12 -12 -12 19 36 -18 -64 0.5
-12 -12 -12 -12 -12 -12 -12 -12 -12 -12 50 -32 10 -30 0.5
-12 -12 -12 -12 -12 -12 -12 -12 -12 -12 -17 3 63 -42 0.5
-12 -12 -12 -12 -12 -12 -12 -12 -12 -12 -2 -27 60 34 0.5

-12 -12 -12 -12 -12 -12 -12 -12 -12 -12 -64 -13 4 22 0.5
-12 -12 -12 -12 -12 -12 -12 -12 -12 -12 39 -9 73 6 0.5
-12 -12 -12 -12 -12 -12 -12 -12 -12 -12 78 -4 -21 -9 0.5
-12 -12 -12 -12 -12 -12 -12 -12 -12 -12 -4 62 22 33 0.5
-12 -12 -12 -12 -12 -12 -12 -12 -12 -12 -3 57 -18 -46 0.5
-12 -12 -12 -12 -12 -12 -12 -12 -12 -12 5 -21 -56 -46 0.5
-12 -12 -12 -12 -12 -12 -12 -12 -12 -12 3 28 -59 35 0.5
-12 -12 -12 -12 -12 -12 -12 -12 -12 -12 67 -9 -7 32 0.5
-12 -12 -12 -12 -12 -12 -12 -12 -12 -12 -2 -65 41 -13 0.5
-12 -12 -12 -12 -12 -12 -12 -12 -12 -12 2 19 70 -32 0.5
-12 -12 -12 -12 -12 -12 -12 -12 -12 -12 -4 -55 -45 19 0.5

-12 -12 -12 -12 -12 -12 -12 -12 -12 -12 -25 -39 53 4 0.5
-12 -12 -12 -12 -12 -12 -12 -12 -12 -12 -40 17 -59 8 0.5
-12 -12 -12 -12 -12 -12 -12 -12 -12 -12 91 -15 -14 3 0.5
-12 -12 -12 -12 -12 -12 -12 -12 -12 -12 15 -22 -81 -24 0.5
-12 -12 -12 -12 -12 -12 -12 -12 -12 -12 22 41 56 2 0.5
-12 -12 -12 -12 -12 -12 -12 -12 -12 -12 11 6 32 -82 0.5
-12 -12 -12 -12 -12 -12 -12 -12 -12 -12 40 -16 62 -7 0.5
-12 -12 -12 -12 -12 -12 -12 -12 -12 -12 -60 33 19 -42 0.5
-12 -12 -12 -12 -12 -12 -12 -12 -12 -12 -27 -63 -31 -6 0.5
-12 -12 -12 -12 -12 -12 -12 -12 -12 -12 -39 18 26 32 0.5
-12 -12 -12 -12 -12 -12 -12 -12 -12 -12 19 44 -58 -3 0.5

-12 -12 -12 -12 -12 -12 -12 -12 -12 -12 -12 33 16 66 0.5
-12 -12 -12 -12 -12 -12 -12 -12 -12 -12 13 -7 70 -31 0.5
-12 -12 -12 -12 -12 -12 -12 -12 -12 -12 -10 73 -38 -2 0.5
-12 -12 -12 -12 -12 -12 -12 -12 -12 -12 -44 -9 51 -15 0.5
-12 -12 -12 -12 -12 -12 -12 -12 -12 -12 -40 3 -62 16 0.5
-12 -12 -12 -12 -12 -12 -12 -12 -12 -12 -12 48 60 -10 0.5
-12 -12 -12 -12 -12 -12 -12 -12 -12 -12 -16 -19 22 70 0.5
-12 -12 -12 -12 -12 -12 -12 -12 -12 -12 27 2 -30 -63 0.5
-12 -12 -12 -12 -12 -12 -12 -12 -12 -12 27 -6 -76 15 0.5
-12 -12 -12 -12 -12 -12 -12 -12 -12 -12 80 4 20 19 0.5
-12 -12 -12 -12 -12 -12 -12 -12 -12 -12 -34 -5 -34 -56 0.5

-10 -10 -10 -10 -10 -10 -10 -10 -10 -10 64 2 3 -33 0.5
-10 -10 -10 -10 -10 -10 -10 -10 -10 -10 -18 47 -8 -24 0.5
-10 -10 -10 -10 -10 -10 -10 -10 -10 -10 16 -47 19 27 0.5
-10 -10 -10 -10 -10 -10 -10 -10 -10 -10 -4 12 -80 -7 0.5
-10 -10 -10 -10 -10 -10 -10 -10 -10 -10 -5 -17 -58 29 0.5
-10 -10 -10 -10 -10 -10 -10 -10 -10 -10 11 24 51 5 0.5
-10 -10 -10 -10 -10 -10 -10 -10 -10 -10 3 -24 -15 -60 0.5
-10 -10 -10 -10 -10 -10 -10 -10 -10 -10 -57 -17 2 -27 0.5
-10 -10 -10 -10 -10 -10 -10 -10 -10 -10 -42 -24 4 24 0.5
-10 -10 -10 -10 -10 -10 -10 -10 -10 -10 55 2 -12 34 0.5
-10 -10 -10 -10 -10 -10 -10 -10 -10 -10 -24 44 3 32 0.5

-10 -10 -10 -10 -10 -10 -10 -10 -10 -10 5 -8 -22 -72 0.5
-10 -10 -10 -10 -10 -10 -10 -10 -10 -10 18 -76 7 -8 0.5
-10 -10 -10 -10 -10 -10 -10 -10 -10 -10 -38 -46 18 -3 0.5
-10 -10 -10 -10 -10 -10 -10 -10 -10 -10 -32 31 -25 -13 0.5
-10 -10 -10 -10 -10 -10 -10 -10 -10 -10 -6 -10 -48 47 0.5
-10 -10 -10 -10 -10 -10 -10 -10 -10 -10 13 -7 23 62 0.5
-10 -10 -10 -10 -10 -10 -10 -10 -10 -10 -17 8 48 -26 0.5
-10 -10 -10 -10 -10 -10 -10 -10 -10 -10 57 8 28 -15 0.5
-10 -10 -10 -10 -10 -10 -10 -10 -10 -10 -23 -29 -48 -15 0.5
-10 -10 -10 -10 -10 -10 -10 -10 -10 -10 58 8 -24 16 0.5
-10 -10 -10 -10 -10 -10 -10 -10 -10 -10 -38 27 27 14 0.5

-10 -10 -10 -10 -10 -10 -10 -10 -10 -10 -4 -32 -56 14 0.5
-10 -10 -10 -10 -10 -10 -10 -10 -10 -10 11 66 13 -11 0.5
-10 -10 -10 -10 -10 -10 -10 -10 -10 -10 -2 -27 47 -26 0.5
-10 -10 -10 -10 -10 -10 -10 -10 -10 -10 3 -39 -14 -49 0.5
-10 -10 -10 -10 -10 -10 -10 -10 -10 -10 -4 16 45 38 0.5
-10 -10 -10 -10 -10 -10 -10 -10 -10 -10 42 6 52 3 0.5
-10 -10 -10 -10 -10 -10 -10 -10 -10 -10 3 -64 13 24 0.5
-10 -10 -10 -10 -10 -10 -10 -10 -10 -10 -3 19 -16 55 0.5
-10 -10 -10 -10 -10 -10 -10 -10 -10 -10 61 1 -38 1 0.5
-10 -10 -10 -10 -10 -10 -10 -10 -10 -10 -10 36 14 -38 0.5
-10 -10 -10 -10 -10 -10 -10 -10 -10 -10 -6 22 -61 -12 0.5

-8 -8 -8 -8 -8 -8 -8 -8 -8 -8 11 -23 -4 -49 0.5
-8 -8 -8 -8 -8 -8 -8 -8 -8 -8 21 6 48 -13 0.5
-8 -8 -8 -8 -8 -8 -8 -8 -8 -8 -28 41 11 1 0.5
-8 -8 -8 -8 -8 -8 -8 -8 -8 -8 38 16 -23 -34 0.5
-8 -8 -8 -8 -8 -8 -8 -8 -8 -8 11 -35 21 18 0.5
-8 -8 -8 -8 -8 -8 -8 -8 -8 -8 45 3 -22 14 0.5
-8 -8 -8 -8 -8 -8 -8 -8 -8 -8 -7 20 -54 -2 0.5
-8 -8 -8 -8 -8 -8 -8 -8 -8 -8 14 38 14 12 0.5
-8 -8 -8 -8 -8 -8 -8 -8 -8 -8 -9 -36 -21 15 0.5
-8 -8 -8 -8 -8 -8 -8 -8 -8 -8 -36 -12 30 -13 0.5
-8 -8 -8 -8 -8 -8 -8 -8 -8 -8 -55 -12 -13 -23 0.5

-8 -8 -8 -8 -8 -8 -8 -8 -8 -8 13 -9 36 23 0.5
-8 -8 -8 -8 -8 -8 -8 -8 -8 -8 -21 12 40 -21 0.5
-8 -8 -8 -8 -8 -8 -8 -8 -8 -8 -4 -65 6 -12 0.5
-8 -8 -8 -8 -8 -8 -8 -8 -8 -8 -34 10 -13 -26 0.5
-8 -8 -8 -8 -8 -8 -8 -8 -8 -8 31 12 18 -20 0.5
-8 -8 -8 -8 -8 -8 -8 -8 -8 -8 1 61 -4 15 0.5
-8 -8 -8 -8 -8 -8 -8 -8 -8 -8 -50 4 20 9 0.5
-8 -8 -8 -8 -8 -8 -8 -8 -8 -8 30 -4 -22 22 0.5
-8 -8 -8 -8 -8 -8 -8 -8 -8 -8 17 -2 -37 -25 0.5
-8 -8 -8 -8 -8 -8 -8 -8 -8 -8 -14 -13 -23 39 0.5
-8 -8 -8 -8 -8 -8 -8 -8 -8 -8 31 -6 37 -6 0.5

-8 -8 -8 -8 -8 -8 -8 -8 -8 -8 -18 56 3 6 0.5
-8 -8 -8 -8 -8 -8 -8 -8 -8 -8 18 -19 -37 -11 0.5
-8 -8 -8 -8 -8 -8 -8 -8 -8 -8 8 31 -14 38 0.5
-8 -8 -8 -8 -8 -8 -8 -8 -8 -8 11 -1 56 13 0.5
-8 -8 -8 -8 -8 -8 -8 -8 -8 -8 -19 -26 -37 -5 0.5
-8 -8 -8 -8 -8 -8 -8 -8 -8 -8 -11 25 -25 -26 0.5
-8 -8 -8 -8 -8 -8 -8 -8 -8 -8 -31 -26 33 39 0.5
-8 -8 -8 -8 -8 -8 -8 -8 -8 -8 2 -26 18 -24 0.5
-8 -8 -8 -8 -8 -8 -8 -8 -8 -8 7 19 10 -47 0.5
-8 -8 -8 -8 -8 -8 -8 -8 -8 -8 -47 -29 18 -21 0.5
-8 -8 -8 -8 -8 -8 -8 -8 -8 -8 -3 -9 -20 49 0.5
