# 4 solution(s), each slicing 222 of 232 reduced edges (partition [11, 1, 1, 1])
# hyperplanes in the form  a.x = c : each row is [a_1 ... a_n  c]; an edge is sliced iff its two endpoints give a.x on opposite sides of c.

-2 -2 -2 -2 -2 -2 -2 -2 -2 -2 -2 -3 10 -5 0.5
-7 -7 -7 -7 -7 -7 -7 -7 -7 -7 -7 -12 10 -15 0.5
-4 -4 -4 -4 -4 -4 -4 -4 -4 -4 -4 -13 -18 -7 0.5
-8 -8 -8 -8 -8 -8 -8 -8 -8 -8 -8 17 -6 15 0.5
-2 -2 -2 -2 -2 -2 -2 -2 -2 -2 -2 -17 -16 16 0.5
2 2 2 2 2 2 2 2 2 2 2 13 -11 -16 0.5
-2 -2 -2 -2 -2 -2 -2 -2 -2 -2 -2 19 0 1 0.5
3 3 3 3 3 3 3 3 3 3 3 -7 -7 -20 0.5
4 4 4 4 4 4 4 4 4 4 4 -14 -6 16 0.5
4 4 4 4 4 4 4 4 4 4 4 -15 15 19 0.5
1 1 1 1 1 1 1 1 1 1 1 8 -3 1 0.5

-2 -2 -2 -2 -2 -2 -2 -2 -2 -2 -2 13 -15 15 0.5
-2 -2 -2 -2 -2 -2 -2 -2 -2 -2 -2 3 5 -9 0.5
-2 -2 -2 -2 -2 -2 -2 -2 -2 -2 -2 5 -13 0 0.5
2 2 2 2 2 2 2 2 2 2 2 -6 -20 -5 0.5
4 4 4 4 4 4 4 4 4 4 4 -18 14 13 0.5
3 3 3 3 3 3 3 3 3 3 3 -13 -5 -11 0.5
-6 -6 -6 -6 -6 -6 -6 -6 -6 -6 -6 -7 13 19 0.5
2 2 2 2 2 2 2 2 2 2 2 7 -14 4 0.5
4 4 4 4 4 4 4 4 4 4 4 19 -7 10 0.5
3 3 3 3 3 3 3 3 3 3 3 12 13 5 0.5
-3 -3 -3 -3 -3 -3 -3 -3 -3 -3 -3 -14 -16 5 0.5

-2 -2 -2 -2 -2 -2 -2 -2 -2 -2 -2 14 -16 16 0.5
-2 -2 -2 -2 -2 -2 -2 -2 -2 -2 -2 5 5 -7 0.5
-2 -2 -2 -2 -2 -2 -2 -2 -2 -2 -2 7 -13 1 0.5
2 2 2 2 2 2 2 2 2 2 2 -4 -20 -5 0.5
4 4 4 4 4 4 4 4 4 4 4 -14 19 13 0.5
3 3 3 3 3 3 3 3 3 3 3 -17 -4 -8 0.5
-6 -6 -6 -6 -6 -6 -6 -6 -6 -6 -6 -7 17 20 0.5
2 2 2 2 2 2 2 2 2 2 2 6 -13 6 0.5
4 4 4 4 4 4 4 4 4 4 4 19 -7 10 0.5
3 3 3 3 3 3 3 3 3 3 3 14 10 4 0.5
-3 -3 -3 -3 -3 -3 -3 -3 -3 -3 -3 -16 -14 6 0.5

3 3 3 3 3 3 3 3 3 3 3 10 -12 -20 0.5
4 4 4 4 4 4 4 4 4 4 4 -8 -1 -15 0.5
-3 -3 -3 -3 -3 -3 -3 -3 -3 -3 -3 13 15 -18 0.5
-2 -2 -2 -2 -2 -2 -2 -2 -2 -2 -2 1 -1 -18 0.5
-3 -3 -3 -3 -3 -3 -3 -3 -3 -3 -3 -16 -19 -10 0.5
-6 -6 -6 -6 -6 -6 -6 -6 -6 -6 -6 19 -14 -17 0.5
3 3 3 3 3 3 3 3 3 3 3 20 12 -20 0.5
4 4 4 4 4 4 4 4 4 4 4 19 -9 14 0.5
3 3 3 3 3 3 3 3 3 3 3 -4 -20 -5 0.5
2 2 2 2 2 2 2 2 2 2 2 -1 11 -11 0.5
-5 -5 -5 -5 -5 -5 -5 -5 -5 -5 -5 11 -17 17 0.5
