# 20 solution(s), each slicing 2492 of 2496 reduced edges (partition [9, 1, 1, 1, 1, 1, 1])
# hyperplanes in the form  a.x = c : each row is [a_1 ... a_n  c]; an edge is sliced iff its two endpoints give a.x on opposite sides of c.

-12 -12 -12 -12 -12 -12 -12 -12 -12 -19 20 -2 -32 -1 73 0.5
-12 -12 -12 -12 -12 -12 -12 -12 -12 -14 20 -1 28 -1 -73 0.5
-12 -12 -12 -12 -12 -12 -12 -12 -12 -7 -2 66 -2 -45 1 0.5
-12 -12 -12 -12 -12 -12 -12 -12 -12 -3 -2 -43 2 -65 2 0.5
-12 -12 -12 -12 -12 -12 -12 -12 -12 -17 32 1 73 -1 19 0.5
-12 -12 -12 -12 -12 -12 -12 -12 -12 -15 -17 -1 -73 -1 -32 0.5
-12 -12 -12 -12 -12 -12 -12 -12 -12 -14 74 2 -31 1 -19 0.5
-12 -12 -12 -12 -12 -12 -12 -12 -12 -20 -74 1 34 1 -21 0.5
-12 -12 -12 -12 -12 -12 -12 -12 -12 -8 3 -68 1 44 1 0.5
-12 -12 -12 -12 -12 -12 -12 -12 -12 -16 -18 1 74 2 30 0.5
-12 -12 -12 -12 -12 -12 -12 -12 -12 4 1 41 -1 65 -3 0.5
-12 -12 -12 -12 -12 -12 -12 -12 -12 -15 -31 -1 -73 1 18 0.5

-12 -12 -12 -12 -12 -12 -12 -12 -12 -15 17 1 -30 3 73 0.5
-12 -12 -12 -12 -12 -12 -12 -12 -12 -17 18 2 31 2 -73 0.5
-12 -12 -12 -12 -12 -12 -12 -12 -12 -7 1 66 -2 -43 -4 0.5
-12 -12 -12 -12 -12 -12 -12 -12 -12 3 1 -39 1 -67 2 0.5
-12 -12 -12 -12 -12 -12 -12 -12 -12 -16 32 -1 74 -1 19 0.5
-12 -12 -12 -12 -12 -12 -12 -12 -12 -15 -17 -3 -74 -1 -29 0.5
-12 -12 -12 -12 -12 -12 -12 -12 -12 -14 73 -2 -30 3 -15 0.5
-12 -12 -12 -12 -12 -12 -12 -12 -12 -20 -73 1 33 -1 -21 0.5
-12 -12 -12 -12 -12 -12 -12 -12 -12 -6 -3 -64 2 45 -1 0.5
-12 -12 -12 -12 -12 -12 -12 -12 -12 -16 -18 1 73 1 32 0.5
-12 -12 -12 -12 -12 -12 -12 -12 -12 -6 -2 43 -2 64 -4 0.5
-12 -12 -12 -12 -12 -12 -12 -12 -12 -15 -32 -3 -75 -3 17 0.5

-12 -12 -12 -12 -12 -12 -12 -12 -12 -18 20 1 -31 1 74 0.5
-12 -12 -12 -12 -12 -12 -12 -12 -12 -14 13 -5 29 -2 -74 0.5
-12 -12 -12 -12 -12 -12 -12 -12 -12 5 -2 64 -1 -40 -1 0.5
-12 -12 -12 -12 -12 -12 -12 -12 -12 -5 2 -45 -1 -63 3 0.5
-12 -12 -12 -12 -12 -12 -12 -12 -12 -15 31 1 74 -2 16 0.5
-12 -12 -12 -12 -12 -12 -12 -12 -12 -17 -20 1 -74 -1 -32 0.5
-12 -12 -12 -12 -12 -12 -12 -12 -12 -17 73 -1 -31 1 -20 0.5
-12 -12 -12 -12 -12 -12 -12 -12 -12 -15 -73 -4 29 2 -16 0.5
-12 -12 -12 -12 -12 -12 -12 -12 -12 -6 5 -65 1 43 1 0.5
-12 -12 -12 -12 -12 -12 -12 -12 -12 -17 -18 1 77 -1 31 0.5
-12 -12 -12 -12 -12 -12 -12 -12 -12 -7 3 44 3 65 -1 0.5
-12 -12 -12 -12 -12 -12 -12 -12 -12 -19 -32 -1 -74 1 20 0.5

-12 -12 -12 -12 -12 -12 -12 -12 -12 -17 19 -1 -31 2 73 0.5
-12 -12 -12 -12 -12 -12 -12 -12 -12 -16 18 -2 31 2 -74 0.5
-12 -12 -12 -12 -12 -12 -12 -12 -12 3 1 66 -1 -40 -2 0.5
-12 -12 -12 -12 -12 -12 -12 -12 -12 -6 -3 -44 -2 -65 1 0.5
-12 -12 -12 -12 -12 -12 -12 -12 -12 -17 30 -1 73 -2 20 0.5
-12 -12 -12 -12 -12 -12 -12 -12 -12 -17 -18 -1 -75 1 -31 0.5
-12 -12 -12 -12 -12 -12 -12 -12 -12 -13 73 2 -28 -2 -21 0.5
-12 -12 -12 -12 -12 -12 -12 -12 -12 -16 -75 1 33 -2 -18 0.5
-12 -12 -12 -12 -12 -12 -12 -12 -12 -4 -2 -66 2 41 2 0.5
-12 -12 -12 -12 -12 -12 -12 -12 -12 -17 -18 2 75 -1 30 0.5
-12 -12 -12 -12 -12 -12 -12 -12 -12 -10 1 46 1 70 1 0.5
-12 -12 -12 -12 -12 -12 -12 -12 -12 -19 -32 1 -73 2 20 0.5

-12 -12 -12 -12 -12 -12 -12 -12 -12 -16 22 -1 -30 -1 73 0.5
-12 -12 -12 -12 -12 -12 -12 -12 -12 -17 19 -2 32 -1 -76 0.5
-12 -12 -12 -12 -12 -12 -12 -12 -12 -7 -2 68 3 -43 2 0.5
-12 -12 -12 -12 -12 -12 -12 -12 -12 5 2 -39 -1 -65 1 0.5
-12 -12 -12 -12 -12 -12 -12 -12 -12 -16 33 1 73 1 17 0.5
-12 -12 -12 -12 -12 -12 -12 -12 -12 -16 -20 2 -73 -1 -29 0.5
-12 -12 -12 -12 -12 -12 -12 -12 -12 -19 73 1 -32 2 -20 0.5
-12 -12 -12 -12 -12 -12 -12 -12 -12 -18 -73 -3 31 -1 -19 0.5
-12 -12 -12 -12 -12 -12 -12 -12 -12 -3 -1 -65 -1 44 -1 0.5
-12 -12 -12 -12 -12 -12 -12 -12 -12 -19 -21 -1 73 1 32 0.5
-12 -12 -12 -12 -12 -12 -12 -12 -12 -4 -1 42 1 66 -3 0.5
-12 -12 -12 -12 -12 -12 -12 -12 -12 -14 -32 1 -73 1 16 0.5

-12 -12 -12 -12 -12 -12 -12 -12 -12 -17 18 -1 -31 1 75 0.5
-12 -12 -12 -12 -12 -12 -12 -12 -12 -16 17 -2 32 1 -73 0.5
-12 -12 -12 -12 -12 -12 -12 -12 -12 4 1 40 -1 -65 -2 0.5
-12 -12 -12 -12 -12 -12 -12 -12 -12 -6 -2 -68 -2 -43 2 0.5
-12 -12 -12 -12 -12 -12 -12 -12 -12 -16 29 -1 73 -1 21 0.5
-12 -12 -12 -12 -12 -12 -12 -12 -12 -19 -20 -1 -74 1 -32 0.5
-12 -12 -12 -12 -12 -12 -12 -12 -12 -17 74 1 -33 -1 -19 0.5
-12 -12 -12 -12 -12 -12 -12 -12 -12 -16 -75 2 33 -2 -19 0.5
-12 -12 -12 -12 -12 -12 -12 -12 -12 -5 -2 -42 3 65 2 0.5
-12 -12 -12 -12 -12 -12 -12 -12 -12 -17 -19 1 73 -3 30 0.5
-12 -12 -12 -12 -12 -12 -12 -12 -12 -3 1 65 1 44 1 0.5
-12 -12 -12 -12 -12 -12 -12 -12 -12 -15 -32 2 -73 1 16 0.5

-12 -12 -12 -12 -12 -12 -12 -12 -12 -16 21 1 -29 1 73 0.5
-12 -12 -12 -12 -12 -12 -12 -12 -12 -15 19 2 28 2 -73 0.5
-12 -12 -12 -12 -12 -12 -12 -12 -12 -8 -2 45 -2 -67 1 0.5
-12 -12 -12 -12 -12 -12 -12 -12 -12 6 1 -64 -1 -40 -3 0.5
-12 -12 -12 -12 -12 -12 -12 -12 -12 -17 33 1 73 -1 18 0.5
-12 -12 -12 -12 -12 -12 -12 -12 -12 -19 -20 1 -73 1 -33 0.5
-12 -12 -12 -12 -12 -12 -12 -12 -12 -14 74 -2 -29 -2 -20 0.5
-12 -12 -12 -12 -12 -12 -12 -12 -12 -18 -75 -1 33 -2 -20 0.5
-12 -12 -12 -12 -12 -12 -12 -12 -12 -8 3 -44 1 68 1 0.5
-12 -12 -12 -12 -12 -12 -12 -12 -12 -17 -18 -3 73 -2 30 0.5
-12 -12 -12 -12 -12 -12 -12 -12 -12 -5 -1 66 2 42 3 0.5
-12 -12 -12 -12 -12 -12 -12 -12 -12 -17 -31 -2 -74 1 18 0.5

-12 -12 -12 -12 -12 -12 -12 -12 -12 -16 18 -1 -31 -1 74 0.5
-12 -12 -12 -12 -12 -12 -12 -12 -12 -16 18 1 29 2 -75 0.5
-12 -12 -12 -12 -12 -12 -12 -12 -12 -7 2 68 2 -43 3 0.5
-12 -12 -12 -12 -12 -12 -12 -12 -12 4 -1 -42 1 -64 -3 0.5
-12 -12 -12 -12 -12 -12 -12 -12 -12 -16 29 -2 74 2 18 0.5
-12 -12 -12 -12 -12 -12 -12 -12 -12 -18 -19 3 -73 1 -31 0.5
-12 -12 -12 -12 -12 -12 -12 -12 -12 -16 75 -1 -33 -3 -19 0.5
-12 -12 -12 -12 -12 -12 -12 -12 -12 -15 -74 -1 32 -1 -18 0.5
-12 -12 -12 -12 -12 -12 -12 -12 -12 -6 -1 -67 -2 44 1 0.5
-12 -12 -12 -12 -12 -12 -12 -12 -12 -19 -20 1 74 1 32 0.5
-12 -12 -12 -12 -12 -12 -12 -12 -12 -6 2 43 -1 65 4 0.5
-12 -12 -12 -12 -12 -12 -12 -12 -12 -16 -32 1 -73 -2 17 0.5

-12 -12 -12 -12 -12 -12 -12 -12 -12 -17 20 -2 -31 -2 72 0.5
-12 -12 -12 -12 -12 -12 -12 -12 -12 -19 19 2 32 2 -73 0.5
-12 -12 -12 -12 -12 -12 -12 -12 -12 -8 -3 68 -1 -42 3 0.5
-12 -12 -12 -12 -12 -12 -12 -12 -12 4 -1 -41 1 -65 -3 0.5
-12 -12 -12 -12 -12 -12 -12 -12 -12 -15 32 1 73 -1 17 0.5
-12 -12 -12 -12 -12 -12 -12 -12 -12 -17 -19 1 -74 1 -31 0.5
-12 -12 -12 -12 -12 -12 -12 -12 -12 -18 74 -1 -34 -1 -19 0.5
-12 -12 -12 -12 -12 -12 -12 -12 -12 -15 -74 -1 32 -2 -19 0.5
-12 -12 -12 -12 -12 -12 -12 -12 -12 -3 2 -64 1 44 1 0.5
-12 -12 -12 -12 -12 -12 -12 -12 -12 -15 -16 1 73 2 32 0.5
-12 -12 -12 -12 -12 -12 -12 -12 -12 -2 1 40 -1 68 1 0.5
-12 -12 -12 -12 -12 -12 -12 -12 -12 -18 -32 -2 -74 2 18 0.5

-12 -12 -12 -12 -12 -12 -12 -12 -12 -16 18 -3 -30 2 74 0.5
-12 -12 -12 -12 -12 -12 -12 -12 -12 -19 21 2 33 -2 -72 0.5
-12 -12 -12 -12 -12 -12 -12 -12 -12 7 -1 63 -1 -39 2 0.5
-12 -12 -12 -12 -12 -12 -12 -12 -12 -6 -2 -43 2 -67 -1 0.5
-12 -12 -12 -12 -12 -12 -12 -12 -12 -18 33 2 75 -1 20 0.5
-12 -12 -12 -12 -12 -12 -12 -12 -12 -16 -17 -2 -73 1 -32 0.5
-12 -12 -12 -12 -12 -12 -12 -12 -12 -17 73 -1 -31 -2 -19 0.5
-12 -12 -12 -12 -12 -12 -12 -12 -12 -16 -74 1 29 1 -20 0.5
-12 -12 -12 -12 -12 -12 -12 -12 -12 -5 2 -66 2 42 -2 0.5
-12 -12 -12 -12 -12 -12 -12 -12 -12 -17 -18 -1 74 1 32 0.5
-12 -12 -12 -12 -12 -12 -12 -12 -12 -8 1 43 -2 68 -3 0.5
-12 -12 -12 -12 -12 -12 -12 -12 -12 -15 -34 1 -73 -1 17 0.5

-12 -12 -12 -12 -12 -12 -12 -12 -12 -17 20 2 -30 1 73 0.5
-12 -12 -12 -12 -12 -12 -12 -12 -12 -17 20 -1 30 -2 -73 0.5
-12 -12 -12 -12 -12 -12 -12 -12 -12 -3 2 67 2 -41 2 0.5
-12 -12 -12 -12 -12 -12 -12 -12 -12 -5 1 -41 -2 -69 1 0.5
-12 -12 -12 -12 -12 -12 -12 -12 -12 -19 32 -1 74 1 20 0.5
-12 -12 -12 -12 -12 -12 -12 -12 -12 -15 -19 -1 -73 1 -32 0.5
-12 -12 -12 -12 -12 -12 -12 -12 -12 -18 73 2 -32 -1 -19 0.5
-12 -12 -12 -12 -12 -12 -12 -12 -12 -18 -73 2 31 -2 -19 0.5
-12 -12 -12 -12 -12 -12 -12 -12 -12 3 -2 -67 -1 39 -1 0.5
-12 -12 -12 -12 -12 -12 -12 -12 -12 -17 -19 -1 75 2 33 0.5
-12 -12 -12 -12 -12 -12 -12 -12 -12 -3 1 45 1 64 -1 0.5
-12 -12 -12 -12 -12 -12 -12 -12 -12 -17 -31 1 -74 -1 19 0.5

-12 -12 -12 -12 -12 -12 -12 -12 -12 -18 19 2 -31 1 74 0.5
-12 -12 -12 -12 -12 -12 -12 -12 -12 -16 18 1 31 1 -74 0.5
-12 -12 -12 -12 -12 -12 -12 -12 -12 -6 -2 67 -1 -42 3 0.5
-12 -12 -12 -12 -12 -12 -12 -12 -12 5 1 -39 -1 -65 -2 0.5
-12 -12 -12 -12 -12 -12 -12 -12 -12 -19 32 1 74 -1 20 0.5
-12 -12 -12 -12 -12 -12 -12 -12 -12 -16 -20 2 -73 1 -29 0.5
-12 -12 -12 -12 -12 -12 -12 -12 -12 -16 74 -1 -30 -1 -21 0.5
-12 -12 -12 -12 -12 -12 -12 -12 -12 -16 -74 -2 34 -2 -17 0.5
-12 -12 -12 -12 -12 -12 -12 -12 -12 -4 1 -66 1 42 3 0.5
-12 -12 -12 -12 -12 -12 -12 -12 -12 -17 -18 -1 73 -3 31 0.5
-12 -12 -12 -12 -12 -12 -12 -12 -12 -5 -2 43 3 65 1 0.5
-12 -12 -12 -12 -12 -12 -12 -12 -12 -16 -31 -3 -75 3 17 0.5

-12 -12 -12 -12 -12 -12 -12 -12 -12 -17 18 -1 -31 3 73 0.5
-12 -12 -12 -12 -12 -12 -12 -12 -12 -18 19 -2 32 1 -73 0.5
-12 -12 -12 -12 -12 -12 -12 -12 -12 4 1 66 1 -40 3 0.5
-12 -12 -12 -12 -12 -12 -12 -12 -12 -5 3 -42 -2 -66 -1 0.5
-12 -12 -12 -12 -12 -12 -12 -12 -12 -16 33 2 75 -2 19 0.5
-12 -12 -12 -12 -12 -12 -12 -12 -12 -17 -20 2 -73 -1 -30 0.5
-12 -12 -12 -12 -12 -12 -12 -12 -12 -18 73 1 -31 1 -21 0.5
-12 -12 -12 -12 -12 -12 -12 -12 -12 -18 -74 -3 31 -1 -18 0.5
-12 -12 -12 -12 -12 -12 -12 -12 -12 -4 -3 -65 -1 43 -1 0.5
-12 -12 -12 -12 -12 -12 -12 -12 -12 -17 -19 -1 74 1 31 0.5
-12 -12 -12 -12 -12 -12 -12 -12 -12 -6 -2 41 2 68 -2 0.5
-12 -12 -12 -12 -12 -12 -12 -12 -12 -18 -33 1 -75 -1 19 0.5

-12 -12 -12 -12 -12 -12 -12 -12 -12 -16 19 -3 -34 3 74 0.5
-12 -12 -12 -12 -12 -12 -12 -12 -12 -18 20 -1 33 1 -74 0.5
-12 -12 -12 -12 -12 -12 -12 -12 -12 -5 -2 65 -2 -42 3 0.5
-12 -12 -12 -12 -12 -12 -12 -12 -12 -6 -2 -42 1 -67 3 0.5
-12 -12 -12 -12 -12 -12 -12 -12 -12 -16 31 1 73 -1 19 0.5
-12 -12 -12 -12 -12 -12 -12 -12 -12 -17 -20 -1 -73 -1 -31 0.5
-12 -12 -12 -12 -12 -12 -12 -12 -12 -17 73 1 -33 -1 -18 0.5
-12 -12 -12 -12 -12 -12 -12 -12 -12 -18 -74 2 31 -1 -19 0.5
-12 -12 -12 -12 -12 -12 -12 -12 -12 5 3 -64 2 40 -1 0.5
-12 -12 -12 -12 -12 -12 -12 -12 -12 -15 -20 1 73 2 28 0.5
-12 -12 -12 -12 -12 -12 -12 -12 -12 -7 -2 44 -1 68 -1 0.5
-12 -12 -12 -12 -12 -12 -12 -12 -12 -17 -32 -1 -73 2 18 0.5

-12 -12 -12 -12 -12 -12 -12 -12 -12 -15 18 2 -29 -1 74 0.5
-12 -12 -12 -12 -12 -12 -12 -12 -12 -17 18 1 32 -2 -73 0.5
-12 -12 -12 -12 -12 -12 -12 -12 -12 -6 -2 64 -2 -43 -4 0.5
-12 -12 -12 -12 -12 -12 -12 -12 -12 -7 1 -43 -2 -66 -4 0.5
-12 -12 -12 -12 -12 -12 -12 -12 -12 -18 32 -1 75 1 20 0.5
-12 -12 -12 -12 -12 -12 -12 -12 -12 -14 -16 -1 -73 2 -31 0.5
-12 -12 -12 -12 -12 -12 -12 -12 -12 -15 75 2 -29 5 -15 0.5
-12 -12 -12 -12 -12 -12 -12 -12 -12 -18 -73 -1 31 -2 -20 0.5
-12 -12 -12 -12 -12 -12 -12 -12 -12 4 1 -66 1 39 2 0.5
-12 -12 -12 -12 -12 -12 -12 -12 -12 -18 -19 1 75 -1 31 0.5
-12 -12 -12 -12 -12 -12 -12 -12 -12 -7 -4 44 1 64 -3 0.5
-12 -12 -12 -12 -12 -12 -12 -12 -12 -15 -32 -3 -76 2 19 0.5

-12 -12 -12 -12 -12 -12 -12 -12 -12 -17 20 -2 -30 -1 73 0.5
-12 -12 -12 -12 -12 -12 -12 -12 -12 -13 20 1 26 2 -73 0.5
-12 -12 -12 -12 -12 -12 -12 -12 -12 -7 4 66 1 -44 1 0.5
-12 -12 -12 -12 -12 -12 -12 -12 -12 -7 3 -44 3 -65 -1 0.5
-12 -12 -12 -12 -12 -12 -12 -12 -12 -14 28 -1 73 3 18 0.5
-12 -12 -12 -12 -12 -12 -12 -12 -12 -18 -20 -1 -75 1 -32 0.5
-12 -12 -12 -12 -12 -12 -12 -12 -12 -18 73 1 -31 -1 -21 0.5
-12 -12 -12 -12 -12 -12 -12 -12 -12 -14 -73 6 27 -1 -16 0.5
-12 -12 -12 -12 -12 -12 -12 -12 -12 5 -2 -63 -1 41 -1 0.5
-12 -12 -12 -12 -12 -12 -12 -12 -12 -15 -17 -1 75 2 33 0.5
-12 -12 -12 -12 -12 -12 -12 -12 -12 -6 1 44 -1 65 4 0.5
-12 -12 -12 -12 -12 -12 -12 -12 -12 -18 -32 1 -73 -1 20 0.5

-12 -12 -12 -12 -12 -12 -12 -12 -12 -16 18 3 -31 2 71 0.5
-12 -12 -12 -12 -12 -12 -12 -12 -12 -17 18 -1 32 -1 -74 0.5
-12 -12 -12 -12 -12 -12 -12 -12 -12 -5 2 66 1 -43 2 0.5
-12 -12 -12 -12 -12 -12 -12 -12 -12 -4 1 -42 -3 -66 1 0.5
-12 -12 -12 -12 -12 -12 -12 -12 -12 -15 28 -1 73 1 21 0.5
-12 -12 -12 -12 -12 -12 -12 -12 -12 -17 -18 -1 -73 -3 -31 0.5
-12 -12 -12 -12 -12 -12 -12 -12 -12 -18 75 1 -33 2 -20 0.5
-12 -12 -12 -12 -12 -12 -12 -12 -12 -15 -74 1 30 2 -21 0.5
-12 -12 -12 -12 -12 -12 -12 -12 -12 -8 -3 -68 -1 42 3 0.5
-12 -12 -12 -12 -12 -12 -12 -12 -12 -16 -18 -2 74 -2 30 0.5
-12 -12 -12 -12 -12 -12 -12 -12 -12 5 -2 40 1 64 -3 0.5
-12 -12 -12 -12 -12 -12 -12 -12 -12 -18 -32 1 -73 -1 20 0.5

-12 -12 -12 -12 -12 -12 -12 -12 -12 -17 19 3 -33 3 74 0.5
-12 -12 -12 -12 -12 -12 -12 -12 -12 -16 19 1 32 1 -74 0.5
-12 -12 -12 -12 -12 -12 -12 -12 -12 -6 -2 43 2 -68 2 0.5
-12 -12 -12 -12 -12 -12 -12 -12 -12 -4 -2 -64 -3 -44 2 0.5
-12 -12 -12 -12 -12 -12 -12 -12 -12 -18 31 -1 75 -1 19 0.5
-12 -12 -12 -12 -12 -12 -12 -12 -12 -17 -19 2 -73 -1 -31 0.5
-12 -12 -12 -12 -12 -12 -12 -12 -12 -18 75 -1 -31 -1 -19 0.5
-12 -12 -12 -12 -12 -12 -12 -12 -12 -17 -73 -2 30 -1 -20 0.5
-12 -12 -12 -12 -12 -12 -12 -12 -12 -7 -1 -44 -1 69 -1 0.5
-12 -12 -12 -12 -12 -12 -12 -12 -12 -15 -20 -2 73 1 28 0.5
-12 -12 -12 -12 -12 -12 -12 -12 -12 3 2 66 1 40 -1 0.5
-12 -12 -12 -12 -12 -12 -12 -12 -12 -18 -31 1 -73 3 19 0.5

-12 -12 -12 -12 -12 -12 -12 -12 -12 -16 18 4 -29 -1 73 0.5
-12 -12 -12 -12 -12 -12 -12 -12 -12 -16 20 1 30 -1 -73 0.5
-12 -12 -12 -12 -12 -12 -12 -12 -12 -3 -1 62 -1 -46 -2 0.5
-12 -12 -12 -12 -12 -12 -12 -12 -12 -7 2 -44 -3 -66 -3 0.5
-12 -12 -12 -12 -12 -12 -12 -12 -12 -15 30 -1 74 1 20 0.5
-12 -12 -12 -12 -12 -12 -12 -12 -12 -15 -17 -1 -74 3 -29 0.5
-12 -12 -12 -12 -12 -12 -12 -12 -12 -14 74 3 -29 4 -15 0.5
-12 -12 -12 -12 -12 -12 -12 -12 -12 -16 -73 -1 29 -1 -21 0.5
-12 -12 -12 -12 -12 -12 -12 -12 -12 6 1 -64 1 40 3 0.5
-12 -12 -12 -12 -12 -12 -12 -12 -12 -18 -19 2 73 -2 31 0.5
-12 -12 -12 -12 -12 -12 -12 -12 -12 -6 -4 43 2 64 -2 0.5
-12 -12 -12 -12 -12 -12 -12 -12 -12 -13 -32 -4 -73 4 17 0.5

-12 -12 -12 -12 -12 -12 -12 -12 -12 -15 16 5 -29 -1 73 0.5
-12 -12 -12 -12 -12 -12 -12 -12 -12 -18 19 1 33 -1 -73 0.5
-12 -12 -12 -12 -12 -12 -12 -12 -12 -6 -2 64 -2 -44 -4 0.5
-12 -12 -12 -12 -12 -12 -12 -12 -12 -7 1 -43 -4 -66 -2 0.5
-12 -12 -12 -12 -12 -12 -12 -12 -12 -17 33 -1 74 1 19 0.5
-12 -12 -12 -12 -12 -12 -12 -12 -12 -15 -16 -2 -73 5 -28 0.5
-12 -12 -12 -12 -12 -12 -12 -12 -12 -15 74 2 -31 3 -14 0.5
-12 -12 -12 -12 -12 -12 -12 -12 -12 -16 -73 -1 31 -1 -19 0.5
-12 -12 -12 -12 -12 -12 -12 -12 -12 4 1 -65 1 41 3 0.5
-12 -12 -12 -12 -12 -12 -12 -12 -12 -17 -18 1 73 -1 33 0.5
-12 -12 -12 -12 -12 -12 -12 -12 -12 -6 -5 43 1 65 -1 0.5
-12 -12 -12 -12 -12 -12 -12 -12 -12 -15 -33 -3 -75 2 19 0.5
