# 1 solution(s), each slicing 5048 of 5056 reduced edges (partition [8, 1, 1, 1, 1, 1, 1, 1])
# hyperplanes in the form  a.x = c : each row is [a_1 ... a_n  c]; an edge is sliced iff its two endpoints give a.x on opposite sides of c.

-12 -12 -12 -12 -12 -12 -12 -12 -15 -8 16 -1 -33 -1 69 0.5
-12 -12 -12 -12 -12 -12 -12 -12 -15 -7 16 -1 32 -1 -69 0.5
-12 -12 -12 -12 -12 -12 -12 -12 -5 -27 -3 79 -3 -44 2 0.5
-12 -12 -12 -12 -12 -12 -12 -12 -2 -26 -1 -44 1 -78 1 0.5
-12 -12 -12 -12 -12 -12 -12 -12 -19 -9 34 1 70 -1 19 0.5
-12 -12 -12 -12 -12 -12 -12 -12 -15 -7 -16 -1 -68 -1 -33 0.5
-12 -12 -12 -12 -12 -12 -12 -12 -15 -6 69 1 -32 1 -17 0.5
-12 -12 -12 -12 -12 -12 -12 -12 -17 -8 -70 1 34 1 -18 0.5
-12 -12 -12 -12 -12 -12 -12 -12 -3 -29 1 -80 2 45 1 0.5
-12 -12 -12 -12 -12 -12 -12 -12 -15 -7 -16 1 69 1 32 0.5
-12 -12 -12 -12 -12 -12 -12 -12 5 -24 2 40 -1 76 -3 0.5
-12 -12 -12 -12 -12 -12 -12 -12 -16 -8 -33 -1 -69 2 16 0.5
