# 20 solution(s), each slicing 1196 of 1200 reduced edges (partition [10, 1, 1, 1, 1, 1])
# hyperplanes in the form  a.x = c : each row is [a_1 ... a_n  c]; an edge is sliced iff its two endpoints give a.x on opposite sides of c.

-12 -12 -12 -12 -12 -12 -12 -12 -12 -12 13 -3 -17 5 87 0.5
-12 -12 -12 -12 -12 -12 -12 -12 -12 -12 19 2 33 -1 -66 0.5
-12 -12 -12 -12 -12 -12 -12 -12 -12 -12 2 76 2 -42 5 0.5
-12 -12 -12 -12 -12 -12 -12 -12 -12 -12 4 -39 -5 -69 -4 0.5
-12 -12 -12 -12 -12 -12 -12 -12 -12 -12 50 2 52 -1 20 0.5
-12 -12 -12 -12 -12 -12 -12 -12 -12 -12 -17 2 -53 3 -52 0.5
-12 -12 -12 -12 -12 -12 -12 -12 -12 -12 68 2 -34 2 -17 0.5
-12 -12 -12 -12 -12 -12 -12 -12 -12 -12 -89 -5 15 -3 -12 0.5
-12 -12 -12 -12 -12 -12 -12 -12 -12 -12 5 -73 6 34 -3 0.5
-12 -12 -12 -12 -12 -12 -12 -12 -12 -12 -27 -4 63 2 26 0.5
-12 -12 -12 -12 -12 -12 -12 -12 -12 -12 -4 43 -2 76 -2 0.5
-12 -12 -12 -12 -12 -12 -12 -12 -12 -12 -27 -3 -63 -3 28 0.5

-12 -12 -12 -12 -12 -12 -12 -12 -12 -12 29 3 -27 -1 61 0.5
-12 -12 -12 -12 -12 -12 -12 -12 -12 -12 18 -1 34 1 -67 0.5
-12 -12 -12 -12 -12 -12 -12 -12 -12 -12 1 74 5 -37 -4 0.5
-12 -12 -12 -12 -12 -12 -12 -12 -12 -12 -1 -40 -2 -79 -3 0.5
-12 -12 -12 -12 -12 -12 -12 -12 -12 -12 31 -1 55 -2 32 0.5
-12 -12 -12 -12 -12 -12 -12 -12 -12 -12 -16 -2 -54 -2 -53 0.5
-12 -12 -12 -12 -12 -12 -12 -12 -12 -12 68 1 -21 1 -30 0.5
-12 -12 -12 -12 -12 -12 -12 -12 -12 -12 -89 2 9 1 -4 0.5
-12 -12 -12 -12 -12 -12 -12 -12 -12 -12 1 -79 -1 37 3 0.5
-12 -12 -12 -12 -12 -12 -12 -12 -12 -12 -21 6 71 1 34 0.5
-12 -12 -12 -12 -12 -12 -12 -12 -12 -12 -2 40 1 80 2 0.5
-12 -12 -12 -12 -12 -12 -12 -12 -12 -12 -19 -1 -66 -4 31 0.5

-12 -12 -12 -12 -12 -12 -12 -12 -12 -12 14 -4 -26 3 76 0.5
-12 -12 -12 -12 -12 -12 -12 -12 -12 -12 14 1 26 -7 -73 0.5
-12 -12 -12 -12 -12 -12 -12 -12 -12 -12 2 63 -4 -50 4 0.5
-12 -12 -12 -12 -12 -12 -12 -12 -12 -12 -3 -53 -3 -64 -4 0.5
-12 -12 -12 -12 -12 -12 -12 -12 -12 -12 26 -3 74 -4 15 0.5
-12 -12 -12 -12 -12 -12 -12 -12 -12 -12 -16 -2 -78 -1 -28 0.5
-12 -12 -12 -12 -12 -12 -12 -12 -12 -12 74 1 -29 3 -14 0.5
-12 -12 -12 -12 -12 -12 -12 -12 -12 -12 -78 -1 25 3 -14 0.5
-12 -12 -12 -12 -12 -12 -12 -12 -12 -12 2 -61 1 51 -6 0.5
-12 -12 -12 -12 -12 -12 -12 -12 -12 -12 -17 2 77 1 28 0.5
-12 -12 -12 -12 -12 -12 -12 -12 -12 -12 -2 55 2 66 2 0.5
-12 -12 -12 -12 -12 -12 -12 -12 -12 -12 -28 -3 -76 -2 14 0.5

-12 -12 -12 -12 -12 -12 -12 -12 -12 -12 16 3 -27 2 74 0.5
-12 -12 -12 -12 -12 -12 -12 -12 -12 -12 13 5 27 2 -74 0.5
-12 -12 -12 -12 -12 -12 -12 -12 -12 -12 5 62 -6 -46 -4 0.5
-12 -12 -12 -12 -12 -12 -12 -12 -12 -12 3 -56 3 -66 3 0.5
-12 -12 -12 -12 -12 -12 -12 -12 -12 -12 28 -2 75 -2 18 0.5
-12 -12 -12 -12 -12 -12 -12 -12 -12 -12 -15 -1 -76 2 -31 0.5
-12 -12 -12 -12 -12 -12 -12 -12 -12 -12 73 -1 -31 3 -13 0.5
-12 -12 -12 -12 -12 -12 -12 -12 -12 -12 -78 3 26 -2 -12 0.5
-12 -12 -12 -12 -12 -12 -12 -12 -12 -12 -7 -64 -1 50 -1 0.5
-12 -12 -12 -12 -12 -12 -12 -12 -12 -12 -13 3 76 3 26 0.5
-12 -12 -12 -12 -12 -12 -12 -12 -12 -12 4 49 -4 62 -4 0.5
-12 -12 -12 -12 -12 -12 -12 -12 -12 -12 -29 4 -71 -5 18 0.5

-12 -12 -12 -12 -12 -12 -12 -12 -12 -12 14 1 -26 -1 81 0.5
-12 -12 -12 -12 -12 -12 -12 -12 -12 -12 17 -4 30 1 -77 0.5
-12 -12 -12 -12 -12 -12 -12 -12 -12 -12 3 67 -2 -53 2 0.5
-12 -12 -12 -12 -12 -12 -12 -12 -12 -12 -2 -49 1 -63 6 0.5
-12 -12 -12 -12 -12 -12 -12 -12 -12 -12 27 -2 74 5 13 0.5
-12 -12 -12 -12 -12 -12 -12 -12 -12 -12 -14 -3 -76 -4 -26 0.5
-12 -12 -12 -12 -12 -12 -12 -12 -12 -12 75 3 -27 -3 -10 0.5
-12 -12 -12 -12 -12 -12 -12 -12 -12 -12 -75 1 28 -3 -14 0.5
-12 -12 -12 -12 -12 -12 -12 -12 -12 -12 1 -67 2 51 -4 0.5
-12 -12 -12 -12 -12 -12 -12 -12 -12 -12 -13 5 73 2 28 0.5
-12 -12 -12 -12 -12 -12 -12 -12 -12 -12 -6 49 -2 61 -3 0.5
-12 -12 -12 -12 -12 -12 -12 -12 -12 -12 -26 -1 -73 1 20 0.5

-12 -12 -12 -12 -12 -12 -12 -12 -12 -12 15 3 -26 -5 76 0.5
-12 -12 -12 -12 -12 -12 -12 -12 -12 -12 12 6 27 -5 -75 0.5
-12 -12 -12 -12 -12 -12 -12 -12 -12 -12 -4 65 3 -54 -1 0.5
-12 -12 -12 -12 -12 -12 -12 -12 -12 -12 8 -44 3 -65 3 0.5
-12 -12 -12 -12 -12 -12 -12 -12 -12 -12 27 1 73 4 16 0.5
-12 -12 -12 -12 -12 -12 -12 -12 -12 -12 -16 -3 -73 3 -28 0.5
-12 -12 -12 -12 -12 -12 -12 -12 -12 -12 73 -2 -30 2 -18 0.5
-12 -12 -12 -12 -12 -12 -12 -12 -12 -12 -75 2 28 -2 -18 0.5
-12 -12 -12 -12 -12 -12 -12 -12 -12 -12 4 -67 -2 51 -1 0.5
-12 -12 -12 -12 -12 -12 -12 -12 -12 -12 -17 -4 69 6 25 0.5
-12 -12 -12 -12 -12 -12 -12 -12 -12 -12 -1 52 -4 61 3 0.5
-12 -12 -12 -12 -12 -12 -12 -12 -12 -12 -26 -6 -75 -3 13 0.5

-12 -12 -12 -12 -12 -12 -12 -12 -12 -12 17 2 -30 -5 69 0.5
-12 -12 -12 -12 -12 -12 -12 -12 -12 -12 15 3 30 -4 -71 0.5
-12 -12 -12 -12 -12 -12 -12 -12 -12 -12 -5 65 5 -51 1 0.5
-12 -12 -12 -12 -12 -12 -12 -12 -12 -12 4 -47 8 -63 3 0.5
-12 -12 -12 -12 -12 -12 -12 -12 -12 -12 28 2 73 3 15 0.5
-12 -12 -12 -12 -12 -12 -12 -12 -12 -12 -14 3 -72 -7 -25 0.5
-12 -12 -12 -12 -12 -12 -12 -12 -12 -12 74 -1 -30 2 -18 0.5
-12 -12 -12 -12 -12 -12 -12 -12 -12 -12 -75 5 30 -3 -18 0.5
-12 -12 -12 -12 -12 -12 -12 -12 -12 -12 2 -65 -3 55 -4 0.5
-12 -12 -12 -12 -12 -12 -12 -12 -12 -12 -16 -2 72 3 28 0.5
-12 -12 -12 -12 -12 -12 -12 -12 -12 -12 -3 45 -4 68 4 0.5
-12 -12 -12 -12 -12 -12 -12 -12 -12 -12 -25 -3 -80 -1 12 0.5

-12 -12 -12 -12 -12 -12 -12 -12 -12 -12 14 -1 -31 -1 76 0.5
-12 -12 -12 -12 -12 -12 -12 -12 -12 -12 19 -2 26 1 -73 0.5
-12 -12 -12 -12 -12 -12 -12 -12 -12 -12 1 66 -1 -51 -4 0.5
-12 -12 -12 -12 -12 -12 -12 -12 -12 -12 1 -51 -2 -63 8 0.5
-12 -12 -12 -12 -12 -12 -12 -12 -12 -12 25 5 73 1 17 0.5
-12 -12 -12 -12 -12 -12 -12 -12 -12 -12 -14 -3 -76 3 -27 0.5
-12 -12 -12 -12 -12 -12 -12 -12 -12 -12 74 1 -32 -1 -15 0.5
-12 -12 -12 -12 -12 -12 -12 -12 -12 -12 -74 -4 27 -3 -13 0.5
-12 -12 -12 -12 -12 -12 -12 -12 -12 -12 -7 -63 1 49 1 0.5
-12 -12 -12 -12 -12 -12 -12 -12 -12 -12 -14 2 75 -5 27 0.5
-12 -12 -12 -12 -12 -12 -12 -12 -12 -12 -1 52 1 62 -5 0.5
-12 -12 -12 -12 -12 -12 -12 -12 -12 -12 -26 3 -76 2 16 0.5

-12 -12 -12 -12 -12 -12 -12 -12 -12 -12 14 -5 -27 2 74 0.5
-12 -12 -12 -12 -12 -12 -12 -12 -12 -12 15 3 28 -2 -74 0.5
-12 -12 -12 -12 -12 -12 -12 -12 -12 -12 5 61 -1 -50 4 0.5
-12 -12 -12 -12 -12 -12 -12 -12 -12 -12 -2 -54 -2 -65 -4 0.5
-12 -12 -12 -12 -12 -12 -12 -12 -12 -12 26 -3 74 -3 17 0.5
-12 -12 -12 -12 -12 -12 -12 -12 -12 -12 -17 -2 -78 -3 -29 0.5
-12 -12 -12 -12 -12 -12 -12 -12 -12 -12 74 2 -27 3 -15 0.5
-12 -12 -12 -12 -12 -12 -12 -12 -12 -12 -74 -2 21 -4 -14 0.5
-12 -12 -12 -12 -12 -12 -12 -12 -12 -12 1 -66 3 50 -1 0.5
-12 -12 -12 -12 -12 -12 -12 -12 -12 -12 -17 1 76 2 29 0.5
-12 -12 -12 -12 -12 -12 -12 -12 -12 -12 -2 53 2 67 1 0.5
-12 -12 -12 -12 -12 -12 -12 -12 -12 -12 -28 -6 -76 -3 12 0.5

-12 -12 -12 -12 -12 -12 -12 -12 -12 -12 29 3 -19 -2 75 0.5
-12 -12 -12 -12 -12 -12 -12 -12 -12 -12 26 5 16 2 -72 0.5
-12 -12 -12 -12 -12 -12 -12 -12 -12 -12 1 67 -1 -51 3 0.5
-12 -12 -12 -12 -12 -12 -12 -12 -12 -12 1 -51 3 -64 -2 0.5
-12 -12 -12 -12 -12 -12 -12 -12 -12 -12 19 -2 79 4 19 0.5
-12 -12 -12 -12 -12 -12 -12 -12 -12 -12 -28 -1 -78 2 -16 0.5
-12 -12 -12 -12 -12 -12 -12 -12 -12 -12 73 3 -27 -7 -13 0.5
-12 -12 -12 -12 -12 -12 -12 -12 -12 -12 -74 4 15 -2 -26 0.5
-12 -12 -12 -12 -12 -12 -12 -12 -12 -12 -2 -70 -8 51 -8 0.5
-12 -12 -12 -12 -12 -12 -12 -12 -12 -12 -27 -5 73 -2 14 0.5
-12 -12 -12 -12 -12 -12 -12 -12 -12 -12 -1 46 6 63 5 0.5
-12 -12 -12 -12 -12 -12 -12 -12 -12 -12 -20 1 -63 1 18 0.5

-12 -12 -12 -12 -12 -12 -12 -12 -12 -12 15 3 -28 -3 74 0.5
-12 -12 -12 -12 -12 -12 -12 -12 -12 -12 18 -2 28 -3 -76 0.5
-12 -12 -12 -12 -12 -12 -12 -12 -12 -12 -8 61 -2 -49 -1 0.5
-12 -12 -12 -12 -12 -12 -12 -12 -12 -12 2 -51 2 -66 -4 0.5
-12 -12 -12 -12 -12 -12 -12 -12 -12 -12 27 -1 75 -5 13 0.5
-12 -12 -12 -12 -12 -12 -12 -12 -12 -12 -15 -2 -75 3 -28 0.5
-12 -12 -12 -12 -12 -12 -12 -12 -12 -12 77 2 -25 4 -13 0.5
-12 -12 -12 -12 -12 -12 -12 -12 -12 -12 -74 4 27 2 -16 0.5
-12 -12 -12 -12 -12 -12 -12 -12 -12 -12 2 -62 -3 50 5 0.5
-12 -12 -12 -12 -12 -12 -12 -12 -12 -12 -15 1 79 2 28 0.5
-12 -12 -12 -12 -12 -12 -12 -12 -12 -12 -1 53 3 66 4 0.5
-12 -12 -12 -12 -12 -12 -12 -12 -12 -12 -25 -1 -78 -3 14 0.5

-12 -12 -12 -12 -12 -12 -12 -12 -12 -12 16 -2 -28 3 74 0.5
-12 -12 -12 -12 -12 -12 -12 -12 -12 -12 18 -2 25 3 -73 0.5
-12 -12 -12 -12 -12 -12 -12 -12 -12 -12 5 65 -1 -54 -4 0.5
-12 -12 -12 -12 -12 -12 -12 -12 -12 -12 -1 -50 1 -66 -3 0.5
-12 -12 -12 -12 -12 -12 -12 -12 -12 -12 27 -4 75 -4 15 0.5
-12 -12 -12 -12 -12 -12 -12 -12 -12 -12 -16 2 -73 -1 -29 0.5
-12 -12 -12 -12 -12 -12 -12 -12 -12 -12 75 1 -31 -1 -15 0.5
-12 -12 -12 -12 -12 -12 -12 -12 -12 -12 -74 4 29 2 -14 0.5
-12 -12 -12 -12 -12 -12 -12 -12 -12 -12 -3 -68 -1 50 1 0.5
-12 -12 -12 -12 -12 -12 -12 -12 -12 -12 -16 4 74 -2 27 0.5
-12 -12 -12 -12 -12 -12 -12 -12 -12 -12 4 50 2 64 2 0.5
-12 -12 -12 -12 -12 -12 -12 -12 -12 -12 -28 -1 -77 1 16 0.5

-12 -12 -12 -12 -12 -12 -12 -12 -12 -12 16 3 -32 -2 74 0.5
-12 -12 -12 -12 -12 -12 -12 -12 -12 -12 17 -3 31 3 -73 0.5
-12 -12 -12 -12 -12 -12 -12 -12 -12 -12 4 66 -4 -53 2 0.5
-12 -12 -12 -12 -12 -12 -12 -12 -12 -12 -10 -38 -1 -61 -11 0.5
-12 -12 -12 -12 -12 -12 -12 -12 -12 -12 26 -4 72 4 15 0.5
-12 -12 -12 -12 -12 -12 -12 -12 -12 -12 -13 5 -75 5 -27 0.5
-12 -12 -12 -12 -12 -12 -12 -12 -12 -12 79 -1 -26 -4 -11 0.5
-12 -12 -12 -12 -12 -12 -12 -12 -12 -12 -74 6 26 -5 -16 0.5
-12 -12 -12 -12 -12 -12 -12 -12 -12 -12 4 -65 1 53 -6 0.5
-12 -12 -12 -12 -12 -12 -12 -12 -12 -12 -12 -4 74 -3 28 0.5
-12 -12 -12 -12 -12 -12 -12 -12 -12 -12 -6 44 3 63 6 0.5
-12 -12 -12 -12 -12 -12 -12 -12 -12 -12 -25 -2 -71 2 21 0.5

-12 -12 -12 -12 -12 -12 -12 -12 -12 -12 19 -2 -30 4 76 0.5
-12 -12 -12 -12 -12 -12 -12 -12 -12 -12 18 2 30 -4 -76 0.5
-12 -12 -12 -12 -12 -12 -12 -12 -12 -12 2 68 1 -51 -3 0.5
-12 -12 -12 -12 -12 -12 -12 -12 -12 -12 -5 -43 5 -66 10 0.5
-12 -12 -12 -12 -12 -12 -12 -12 -12 -12 28 4 71 -5 15 0.5
-12 -12 -12 -12 -12 -12 -12 -12 -12 -12 -10 -4 -76 -4 -29 0.5
-12 -12 -12 -12 -12 -12 -12 -12 -12 -12 73 -6 -28 4 -16 0.5
-12 -12 -12 -12 -12 -12 -12 -12 -12 -12 -73 -2 30 2 -16 0.5
-12 -12 -12 -12 -12 -12 -12 -12 -12 -12 2 -66 -1 51 5 0.5
-12 -12 -12 -12 -12 -12 -12 -12 -12 -12 -13 3 79 2 26 0.5
-12 -12 -12 -12 -12 -12 -12 -12 -12 -12 -4 44 -4 63 -9 0.5
-12 -12 -12 -12 -12 -12 -12 -12 -12 -12 -29 3 -72 -6 15 0.5

-12 -12 -12 -12 -12 -12 -12 -12 -12 -12 16 -2 -29 -5 70 0.5
-12 -12 -12 -12 -12 -12 -12 -12 -12 -12 15 7 32 5 -68 0.5
-12 -12 -12 -12 -12 -12 -12 -12 -12 -12 5 70 7 -39 4 0.5
-12 -12 -12 -12 -12 -12 -12 -12 -12 -12 5 -42 1 -69 -4 0.5
-12 -12 -12 -12 -12 -12 -12 -12 -12 -12 32 -1 66 1 21 0.5
-12 -12 -12 -12 -12 -12 -12 -12 -12 -12 -19 -3 -67 -2 -32 0.5
-12 -12 -12 -12 -12 -12 -12 -12 -12 -12 68 1 -29 -3 -20 0.5
-12 -12 -12 -12 -12 -12 -12 -12 -12 -12 -73 6 31 3 -20 0.5
-12 -12 -12 -12 -12 -12 -12 -12 -12 -12 5 -69 -6 36 -7 0.5
-12 -12 -12 -12 -12 -12 -12 -12 -12 -12 -19 -3 67 -2 30 0.5
-12 -12 -12 -12 -12 -12 -12 -12 -12 -12 -6 43 -1 79 4 0.5
-12 -12 -12 -12 -12 -12 -12 -12 -12 -12 -32 3 -68 3 21 0.5

-12 -12 -12 -12 -12 -12 -12 -12 -12 -12 16 1 -29 -1 74 0.5
-12 -12 -12 -12 -12 -12 -12 -12 -12 -12 16 1 31 2 -75 0.5
-12 -12 -12 -12 -12 -12 -12 -12 -12 -12 -3 63 -5 -48 6 0.5
-12 -12 -12 -12 -12 -12 -12 -12 -12 -12 2 -52 3 -63 2 0.5
-12 -12 -12 -12 -12 -12 -12 -12 -12 -12 27 2 74 4 15 0.5
-12 -12 -12 -12 -12 -12 -12 -12 -12 -12 -29 -4 -77 1 18 0.5
-12 -12 -12 -12 -12 -12 -12 -12 -12 -12 73 -5 -27 -3 -13 0.5
-12 -12 -12 -12 -12 -12 -12 -12 -12 -12 -72 -7 27 -2 -14 0.5
-12 -12 -12 -12 -12 -12 -12 -12 -12 -12 -3 -64 -3 55 2 0.5
-12 -12 -12 -12 -12 -12 -12 -12 -12 -12 -14 1 77 -1 28 0.5
-12 -12 -12 -12 -12 -12 -12 -12 -12 -12 2 56 1 63 -3 0.5
-12 -12 -12 -12 -12 -12 -12 -12 -12 -12 -15 2 -77 -1 -26 0.5

-12 -12 -12 -12 -12 -12 -12 -12 -12 -12 15 -4 -32 4 67 0.5
-12 -12 -12 -12 -12 -12 -12 -12 -12 -12 19 2 32 -3 -65 0.5
-12 -12 -12 -12 -12 -12 -12 -12 -12 -12 -4 78 -3 -42 3 0.5
-12 -12 -12 -12 -12 -12 -12 -12 -12 -12 4 -34 6 -74 3 0.5
-12 -12 -12 -12 -12 -12 -12 -12 -12 -12 29 1 68 2 21 0.5
-12 -12 -12 -12 -12 -12 -12 -12 -12 -12 -22 -1 -64 1 -33 0.5
-12 -12 -12 -12 -12 -12 -12 -12 -12 -12 67 -2 -32 -1 -19 0.5
-12 -12 -12 -12 -12 -12 -12 -12 -12 -12 -72 -4 33 2 -19 0.5
-12 -12 -12 -12 -12 -12 -12 -12 -12 -12 0 -73 1 44 -3 0.5
-12 -12 -12 -12 -12 -12 -12 -12 -12 -12 -20 -3 65 1 32 0.5
-12 -12 -12 -12 -12 -12 -12 -12 -12 -12 7 37 -5 68 -6 0.5
-12 -12 -12 -12 -12 -12 -12 -12 -12 -12 -34 3 -69 -5 22 0.5

-12 -12 -12 -12 -12 -12 -12 -12 -12 -12 15 5 -27 -2 74 0.5
-12 -12 -12 -12 -12 -12 -12 -12 -12 -12 16 2 30 1 -76 0.5
-12 -12 -12 -12 -12 -12 -12 -12 -12 -12 -1 63 -4 -46 3 0.5
-12 -12 -12 -12 -12 -12 -12 -12 -12 -12 2 -50 2 -65 2 0.5
-12 -12 -12 -12 -12 -12 -12 -12 -12 -12 28 4 75 2 12 0.5
-12 -12 -12 -12 -12 -12 -12 -12 -12 -12 -30 -1 -77 1 14 0.5
-12 -12 -12 -12 -12 -12 -12 -12 -12 -12 73 -4 -26 -2 -16 0.5
-12 -12 -12 -12 -12 -12 -12 -12 -12 -12 -72 -3 28 -3 -19 0.5
-12 -12 -12 -12 -12 -12 -12 -12 -12 -12 -2 -69 -2 51 1 0.5
-12 -12 -12 -12 -12 -12 -12 -12 -12 -12 -13 2 74 -4 28 0.5
-12 -12 -12 -12 -12 -12 -12 -12 -12 -12 3 53 2 65 -6 0.5
-12 -12 -12 -12 -12 -12 -12 -12 -12 -12 -16 3 -73 -4 -25 0.5

-12 -12 -12 -12 -12 -12 -12 -12 -12 -12 19 2 -33 3 66 0.5
-12 -12 -12 -12 -12 -12 -12 -12 -12 -12 19 -1 34 -1 -66 0.5
-12 -12 -12 -12 -12 -12 -12 -12 -12 -12 -2 79 4 -41 5 0.5
-12 -12 -12 -12 -12 -12 -12 -12 -12 -12 1 -39 -4 -78 -1 0.5
-12 -12 -12 -12 -12 -12 -12 -12 -12 -12 32 -1 65 -4 19 0.5
-12 -12 -12 -12 -12 -12 -12 -12 -12 -12 -20 3 -68 2 -30 0.5
-12 -12 -12 -12 -12 -12 -12 -12 -12 -12 70 -6 -34 -2 -22 0.5
-12 -12 -12 -12 -12 -12 -12 -12 -12 -12 -71 -2 27 2 -21 0.5
-12 -12 -12 -12 -12 -12 -12 -12 -12 -12 3 -73 4 34 7 0.5
-12 -12 -12 -12 -12 -12 -12 -12 -12 -12 -19 2 69 -2 33 0.5
-12 -12 -12 -12 -12 -12 -12 -12 -12 -12 6 39 2 72 -4 0.5
-12 -12 -12 -12 -12 -12 -12 -12 -12 -12 -31 -1 -67 3 19 0.5

-12 -12 -12 -12 -12 -12 -12 -12 -12 -12 23 -1 -35 1 63 0.5
-12 -12 -12 -12 -12 -12 -12 -12 -12 -12 21 -1 35 -1 -63 0.5
-12 -12 -12 -12 -12 -12 -12 -12 -12 -12 3 77 -2 -34 -5 0.5
-12 -12 -12 -12 -12 -12 -12 -12 -12 -12 -1 -37 5 -74 4 0.5
-12 -12 -12 -12 -12 -12 -12 -12 -12 -12 31 3 67 -1 19 0.5
-12 -12 -12 -12 -12 -12 -12 -12 -12 -12 -20 -2 -67 -1 -31 0.5
-12 -12 -12 -12 -12 -12 -12 -12 -12 -12 66 -2 -32 -5 -18 0.5
-12 -12 -12 -12 -12 -12 -12 -12 -12 -12 -71 1 27 1 -23 0.5
-12 -12 -12 -12 -12 -12 -12 -12 -12 -12 4 -78 -4 42 1 0.5
-12 -12 -12 -12 -12 -12 -12 -12 -12 -12 -18 4 66 -3 34 0.5
-12 -12 -12 -12 -12 -12 -12 -12 -12 -12 -6 41 2 79 -5 0.5
-12 -12 -12 -12 -12 -12 -12 -12 -12 -12 -32 1 -67 -3 18 0.5
