# 20 solution(s), each slicing 245748 of 245760 edges
# hyperplanes in the form  a.x = c : each row is [a_1 ... a_n  c]; an edge is sliced iff its two endpoints give a.x on opposite sides of c.

-12 -12 -12 -12 -12 -12 -12 -12 -8 -13 17 -1 -29 1 70 0.5
-12 -12 -12 -12 -12 -12 -12 -12 -7 -11 15 -2 28 2 -70 0.5
-12 -12 -12 -12 -12 -12 -12 -12 -23 -11 3 78 -3 -53 -2 0.5
-12 -12 -12 -12 -12 -12 -12 -12 -30 -13 2 -55 -2 -80 -1 0.5
-12 -12 -12 -12 -12 -12 -12 -12 -7 -13 28 -1 70 -1 17 0.5
-12 -12 -12 -12 -12 -12 -12 -12 -9 -12 -17 -1 -70 2 -28 0.5
-12 -12 -12 -12 -12 -12 -12 -12 -9 -12 70 1 -27 1 -19 0.5
-12 -12 -12 -12 -12 -12 -12 -12 -8 -12 -69 -2 28 -1 -17 0.5
-12 -12 -12 -12 -12 -12 -12 -12 -21 -12 -4 -72 4 50 2 0.5
-12 -12 -12 -12 -12 -12 -12 -12 -7 -14 -17 1 70 -1 29 0.5
-12 -12 -12 -12 -12 -12 -12 -12 -20 -12 -3 55 4 74 3 0.5
-12 -12 -12 -12 -12 -12 -12 -12 -8 -12 -27 -4 -71 -2 15 0.5

-12 -12 -12 -12 -12 -12 -12 -12 -9 -12 17 3 -27 2 71 0.5
-12 -12 -12 -12 -12 -12 -12 -12 -8 -12 15 1 30 1 -70 0.5
-12 -12 -12 -12 -12 -12 -12 -12 -21 -12 6 71 -3 -50 -2 0.5
-12 -12 -12 -12 -12 -12 -12 -12 -19 -12 3 -54 -3 -74 -2 0.5
-12 -12 -12 -12 -12 -12 -12 -12 -6 -11 27 3 70 -1 13 0.5
-12 -12 -12 -12 -12 -12 -12 -12 -9 -12 -18 1 -70 1 -28 0.5
-12 -12 -12 -12 -12 -12 -12 -12 -7 -13 69 -1 -29 1 -17 0.5
-12 -12 -12 -12 -12 -12 -12 -12 -9 -12 -70 1 31 -1 -15 0.5
-12 -12 -12 -12 -12 -12 -12 -12 -25 -13 -4 -80 1 54 4 0.5
-12 -12 -12 -12 -12 -12 -12 -12 -7 -12 -16 -1 69 -1 29 0.5
-12 -12 -12 -12 -12 -12 -12 -12 -27 -11 -3 50 3 76 3 0.5
-12 -12 -12 -12 -12 -12 -12 -12 -8 -11 -28 1 -69 -1 17 0.5

-12 -12 -12 -12 -12 -12 -12 -12 -8 -12 17 -2 -28 1 69 0.5
-12 -12 -12 -12 -12 -12 -12 -12 -6 -13 16 -1 28 1 -70 0.5
-12 -12 -12 -12 -12 -12 -12 -12 -25 -10 3 77 -3 -54 -1 0.5
-12 -12 -12 -12 -12 -12 -12 -12 -24 -14 -2 -56 1 -78 2 0.5
-12 -12 -12 -12 -12 -12 -12 -12 -6 -14 29 1 70 1 16 0.5
-12 -12 -12 -12 -12 -12 -12 -12 -7 -13 -17 -1 -69 1 -29 0.5
-12 -12 -12 -12 -12 -12 -12 -12 -9 -12 70 -1 -27 -1 -19 0.5
-12 -12 -12 -12 -12 -12 -12 -12 -8 -12 -70 1 28 1 -17 0.5
-12 -12 -12 -12 -12 -12 -12 -12 -27 -10 -2 -76 2 50 4 0.5
-12 -12 -12 -12 -12 -12 -12 -12 -7 -12 -17 1 69 -1 28 0.5
-12 -12 -12 -12 -12 -12 -12 -12 -25 -15 2 55 -2 78 -2 0.5
-12 -12 -12 -12 -12 -12 -12 -12 -9 -12 -30 1 -70 1 16 0.5

-12 -12 -12 -12 -12 -12 -12 -12 -8 -11 17 -1 -28 1 69 0.5
-12 -12 -12 -12 -12 -12 -12 -12 -7 -11 16 1 28 -1 -69 0.5
-12 -12 -12 -12 -12 -12 -12 -12 -27 -10 1 77 -4 -51 1 0.5
-12 -12 -12 -12 -12 -12 -12 -12 -22 -10 2 -50 3 -73 1 0.5
-12 -12 -12 -12 -12 -12 -12 -12 -8 -12 28 1 69 1 18 0.5
-12 -12 -12 -12 -12 -12 -12 -12 -7 -12 -16 2 -69 -1 -28 0.5
-12 -12 -12 -12 -12 -12 -12 -12 -8 -13 70 -1 -29 -1 -17 0.5
-12 -12 -12 -12 -12 -12 -12 -12 -8 -12 -69 -2 28 -1 -17 0.5
-12 -12 -12 -12 -12 -12 -12 -12 -22 -13 -1 -78 1 53 -1 0.5
-12 -12 -12 -12 -12 -12 -12 -12 -9 -12 -17 1 70 -1 29 0.5
-12 -12 -12 -12 -12 -12 -12 -12 -19 -12 -2 52 -2 76 -2 0.5
-12 -12 -12 -12 -12 -12 -12 -12 -7 -13 -29 -1 -69 -2 16 0.5

-12 -12 -12 -12 -12 -12 -12 -12 -7 -11 16 -1 -29 1 68 0.5
-12 -12 -12 -12 -12 -12 -12 -12 -8 -11 16 -1 29 1 -69 0.5
-12 -12 -12 -12 -12 -12 -12 -12 -26 -13 2 80 -3 -56 -3 0.5
-12 -12 -12 -12 -12 -12 -12 -12 -25 -15 4 -52 1 -79 1 0.5
-12 -12 -12 -12 -12 -12 -12 -12 -5 -13 28 1 70 1 15 0.5
-12 -12 -12 -12 -12 -12 -12 -12 -7 -12 -16 -1 -70 1 -28 0.5
-12 -12 -12 -12 -12 -12 -12 -12 -6 -12 70 -1 -27 -1 -16 0.5
-12 -12 -12 -12 -12 -12 -12 -12 -8 -12 -69 -2 28 -1 -17 0.5
-12 -12 -12 -12 -12 -12 -12 -12 -27 -9 -3 -76 2 50 2 0.5
-12 -12 -12 -12 -12 -12 -12 -12 -7 -12 -16 2 69 -1 28 0.5
-12 -12 -12 -12 -12 -12 -12 -12 -25 -8 -1 54 -1 75 -1 0.5
-12 -12 -12 -12 -12 -12 -12 -12 -7 -14 -29 -1 -70 -1 17 0.5

-12 -12 -12 -12 -12 -12 -12 -12 -9 -12 15 1 -31 1 70 0.5
-12 -12 -12 -12 -12 -12 -12 -12 -6 -12 15 1 28 1 -70 0.5
-12 -12 -12 -12 -12 -12 -12 -12 -21 -10 -3 73 -1 -49 2 0.5
-12 -12 -12 -12 -12 -12 -12 -12 -23 -12 1 -55 -3 -76 -3 0.5
-12 -12 -12 -12 -12 -12 -12 -12 -8 -12 28 1 69 -1 18 0.5
-12 -12 -12 -12 -12 -12 -12 -12 -7 -12 -16 1 -69 2 -28 0.5
-12 -12 -12 -12 -12 -12 -12 -12 -7 -12 69 1 -28 -1 -17 0.5
-12 -12 -12 -12 -12 -12 -12 -12 -9 -12 -70 1 27 -1 -19 0.5
-12 -12 -12 -12 -12 -12 -12 -12 -25 -8 1 -77 2 52 -2 0.5
-12 -12 -12 -12 -12 -12 -12 -12 -9 -12 -16 -1 70 -1 30 0.5
-12 -12 -12 -12 -12 -12 -12 -12 -26 -15 -2 55 2 79 2 0.5
-12 -12 -12 -12 -12 -12 -12 -12 -7 -12 -28 -1 -69 1 17 0.5

-12 -12 -12 -12 -12 -12 -12 -12 -8 -12 16 2 -29 -1 69 0.5
-12 -12 -12 -12 -12 -12 -12 -12 -7 -11 15 -1 29 1 -69 0.5
-12 -12 -12 -12 -12 -12 -12 -12 -24 -12 1 75 2 -50 -5 0.5
-12 -12 -12 -12 -12 -12 -12 -12 -26 -15 3 -53 -2 -80 -2 0.5
-12 -12 -12 -12 -12 -12 -12 -12 -6 -12 28 -1 69 -1 16 0.5
-12 -12 -12 -12 -12 -12 -12 -12 -8 -12 -17 1 -70 -1 -28 0.5
-12 -12 -12 -12 -12 -12 -12 -12 -7 -11 69 1 -28 1 -16 0.5
-12 -12 -12 -12 -12 -12 -12 -12 -8 -12 -70 -1 29 -1 -16 0.5
-12 -12 -12 -12 -12 -12 -12 -12 -25 -14 -2 -80 -2 54 2 0.5
-12 -12 -12 -12 -12 -12 -12 -12 -7 -12 -17 1 69 -1 28 0.5
-12 -12 -12 -12 -12 -12 -12 -12 -25 -9 -2 54 2 77 2 0.5
-12 -12 -12 -12 -12 -12 -12 -12 -7 -12 -29 -1 -69 -1 16 0.5

-12 -12 -12 -12 -12 -12 -12 -12 -7 -12 16 -1 -28 -2 69 0.5
-12 -12 -12 -12 -12 -12 -12 -12 -8 -13 18 -1 28 -1 -70 0.5
-12 -12 -12 -12 -12 -12 -12 -12 -26 -14 -3 79 -3 -53 3 0.5
-12 -12 -12 -12 -12 -12 -12 -12 -25 -14 -4 -52 1 -76 3 0.5
-12 -12 -12 -12 -12 -12 -12 -12 -7 -12 28 1 69 -2 16 0.5
-12 -12 -12 -12 -12 -12 -12 -12 -6 -11 -15 -1 -69 -1 -28 0.5
-12 -12 -12 -12 -12 -12 -12 -12 -8 -12 70 1 -30 -1 -15 0.5
-12 -12 -12 -12 -12 -12 -12 -12 -8 -13 -70 1 30 -1 -16 0.5
-12 -12 -12 -12 -12 -12 -12 -12 -25 -11 2 -77 3 55 -2 0.5
-12 -12 -12 -12 -12 -12 -12 -12 -8 -11 -16 1 69 1 29 0.5
-12 -12 -12 -12 -12 -12 -12 -12 -24 -11 2 55 -2 76 -3 0.5
-12 -12 -12 -12 -12 -12 -12 -12 -7 -12 -29 -1 -68 1 17 0.5

-12 -12 -12 -12 -12 -12 -12 -12 -6 -11 15 -1 -28 -1 69 0.5
-12 -12 -12 -12 -12 -12 -12 -12 -8 -12 16 2 29 1 -69 0.5
-12 -12 -12 -12 -12 -12 -12 -12 -26 -14 2 78 2 -52 4 0.5
-12 -12 -12 -12 -12 -12 -12 -12 -25 -11 -2 -54 3 -79 -3 0.5
-12 -12 -12 -12 -12 -12 -12 -12 -8 -11 28 -1 70 1 16 0.5
-12 -12 -12 -12 -12 -12 -12 -12 -9 -12 -19 1 -70 1 -27 0.5
-12 -12 -12 -12 -12 -12 -12 -12 -7 -14 70 1 -29 -1 -17 0.5
-12 -12 -12 -12 -12 -12 -12 -12 -7 -12 -70 1 28 -1 -16 0.5
-12 -12 -12 -12 -12 -12 -12 -12 -23 -12 -2 -76 -2 55 -1 0.5
-12 -12 -12 -12 -12 -12 -12 -12 -8 -13 -17 1 70 1 29 0.5
-12 -12 -12 -12 -12 -12 -12 -12 -22 -15 2 52 -4 74 2 0.5
-12 -12 -12 -12 -12 -12 -12 -12 -7 -12 -27 1 -70 -1 17 0.5

-12 -12 -12 -12 -12 -12 -12 -12 -9 -11 15 1 -29 2 70 0.5
-12 -12 -12 -12 -12 -12 -12 -12 -7 -13 16 1 29 1 -70 0.5
-12 -12 -12 -12 -12 -12 -12 -12 -21 -12 1 71 -6 -49 -3 0.5
-12 -12 -12 -12 -12 -12 -12 -12 -26 -12 3 -55 2 -79 2 0.5
-12 -12 -12 -12 -12 -12 -12 -12 -8 -12 29 1 69 -2 16 0.5
-12 -12 -12 -12 -12 -12 -12 -12 -8 -12 -16 -1 -70 -1 -29 0.5
-12 -12 -12 -12 -12 -12 -12 -12 -10 -12 71 -1 -27 5 -15 0.5
-12 -12 -12 -12 -12 -12 -12 -12 -9 -12 -70 1 28 -1 -18 0.5
-12 -12 -12 -12 -12 -12 -12 -12 -25 -14 -3 -80 3 56 2 0.5
-12 -12 -12 -12 -12 -12 -12 -12 -7 -14 -17 1 70 1 29 0.5
-12 -12 -12 -12 -12 -12 -12 -12 -21 -14 -2 53 -3 73 -3 0.5
-12 -12 -12 -12 -12 -12 -12 -12 -7 -12 -28 1 -69 -2 16 0.5

-12 -12 -12 -12 -12 -12 -12 -12 -7 -11 14 -3 -29 2 69 0.5
-12 -12 -12 -12 -12 -12 -12 -12 -8 -12 18 -1 27 1 -70 0.5
-12 -12 -12 -12 -12 -12 -12 -12 -25 -13 4 80 3 -55 3 0.5
-12 -12 -12 -12 -12 -12 -12 -12 -26 -12 5 -49 3 -76 2 0.5
-12 -12 -12 -12 -12 -12 -12 -12 -8 -12 29 1 69 2 16 0.5
-12 -12 -12 -12 -12 -12 -12 -12 -6 -13 -16 1 -70 -1 -28 0.5
-12 -12 -12 -12 -12 -12 -12 -12 -9 -12 71 -2 -29 -1 -15 0.5
-12 -12 -12 -12 -12 -12 -12 -12 -7 -13 -70 -1 28 -1 -17 0.5
-12 -12 -12 -12 -12 -12 -12 -12 -21 -12 -4 -70 -5 50 -1 0.5
-12 -12 -12 -12 -12 -12 -12 -12 -9 -12 -15 -4 71 1 27 0.5
-12 -12 -12 -12 -12 -12 -12 -12 -19 -12 -2 54 -5 73 -4 0.5
-12 -12 -12 -12 -12 -12 -12 -12 -8 -12 -29 -1 -69 -2 16 0.5

-12 -12 -12 -12 -12 -12 -12 -12 -7 -14 17 1 -29 1 70 0.5
-12 -12 -12 -12 -12 -12 -12 -12 -7 -11 16 -1 28 -1 -69 0.5
-12 -12 -12 -12 -12 -12 -12 -12 -26 -11 -7 75 -1 -50 1 0.5
-12 -12 -12 -12 -12 -12 -12 -12 -23 -17 3 -54 -2 -77 1 0.5
-12 -12 -12 -12 -12 -12 -12 -12 -9 -11 30 1 70 -1 15 0.5
-12 -12 -12 -12 -12 -12 -12 -12 -7 -13 -16 -2 -69 -1 -29 0.5
-12 -12 -12 -12 -12 -12 -12 -12 -7 -12 69 2 -28 -1 -16 0.5
-12 -12 -12 -12 -12 -12 -12 -12 -5 -12 -70 1 27 -1 -15 0.5
-12 -12 -12 -12 -12 -12 -12 -12 -23 -11 2 -76 3 53 -3 0.5
-12 -12 -12 -12 -12 -12 -12 -12 -6 -12 -15 -1 70 -1 28 0.5
-12 -12 -12 -12 -12 -12 -12 -12 -24 -11 -3 53 3 77 -4 0.5
-12 -12 -12 -12 -12 -12 -12 -12 -6 -13 -28 -1 -70 1 16 0.5

-12 -12 -12 -12 -12 -12 -12 -12 -8 -12 16 1 -30 -1 69 0.5
-12 -12 -12 -12 -12 -12 -12 -12 -6 -12 16 -1 28 1 -69 0.5
-12 -12 -12 -12 -12 -12 -12 -12 -20 -13 -2 76 2 -52 -2 0.5
-12 -12 -12 -12 -12 -12 -12 -12 -26 -11 -4 -50 -1 -77 2 0.5
-12 -12 -12 -12 -12 -12 -12 -12 -8 -13 28 -1 71 -1 17 0.5
-12 -12 -12 -12 -12 -12 -12 -12 -7 -13 -16 -1 -69 2 -29 0.5
-12 -12 -12 -12 -12 -12 -12 -12 -9 -12 70 -1 -28 -1 -18 0.5
-12 -12 -12 -12 -12 -12 -12 -12 -5 -12 -70 -1 27 -1 -15 0.5
-12 -12 -12 -12 -12 -12 -12 -12 -22 -11 1 -72 -3 49 5 0.5
-12 -12 -12 -12 -12 -12 -12 -12 -8 -12 -17 -2 69 1 28 0.5
-12 -12 -12 -12 -12 -12 -12 -12 -25 -11 2 54 3 79 -3 0.5
-12 -12 -12 -12 -12 -12 -12 -12 -7 -13 -28 1 -70 1 17 0.5

-12 -12 -12 -12 -12 -12 -12 -12 -8 -11 16 -1 -29 -1 69 0.5
-12 -12 -12 -12 -12 -12 -12 -12 -8 -12 16 -1 29 -1 -70 0.5
-12 -12 -12 -12 -12 -12 -12 -12 -26 -10 2 78 2 -54 -1 0.5
-12 -12 -12 -12 -12 -12 -12 -12 -22 -13 -2 -51 1 -73 5 0.5
-12 -12 -12 -12 -12 -12 -12 -12 -8 -12 29 -1 69 1 17 0.5
-12 -12 -12 -12 -12 -12 -12 -12 -6 -12 -16 -1 -70 -1 -27 0.5
-12 -12 -12 -12 -12 -12 -12 -12 -7 -12 70 -1 -27 1 -17 0.5
-12 -12 -12 -12 -12 -12 -12 -12 -8 -12 -70 -1 27 1 -18 0.5
-12 -12 -12 -12 -12 -12 -12 -12 -24 -10 -1 -73 -1 50 6 0.5
-12 -12 -12 -12 -12 -12 -12 -12 -8 -12 -16 2 69 1 29 0.5
-12 -12 -12 -12 -12 -12 -12 -12 -23 -12 3 54 -3 79 -3 0.5
-12 -12 -12 -12 -12 -12 -12 -12 -8 -11 -29 1 -70 -1 15 0.5

-12 -12 -12 -12 -12 -12 -12 -12 -6 -12 16 1 -28 -1 69 0.5
-12 -12 -12 -12 -12 -12 -12 -12 -7 -13 16 2 29 -1 -69 0.5
-12 -12 -12 -12 -12 -12 -12 -12 -22 -12 -3 73 3 -52 4 0.5
-12 -12 -12 -12 -12 -12 -12 -12 -20 -12 -4 -53 3 -75 2 0.5
-12 -12 -12 -12 -12 -12 -12 -12 -7 -14 29 1 70 1 17 0.5
-12 -12 -12 -12 -12 -12 -12 -12 -7 -12 -16 1 -70 -1 -28 0.5
-12 -12 -12 -12 -12 -12 -12 -12 -8 -13 70 -1 -28 -1 -18 0.5
-12 -12 -12 -12 -12 -12 -12 -12 -8 -12 -69 1 29 1 -17 0.5
-12 -12 -12 -12 -12 -12 -12 -12 -23 -11 3 -78 -3 54 -3 0.5
-12 -12 -12 -12 -12 -12 -12 -12 -9 -12 -15 -1 70 1 31 0.5
-12 -12 -12 -12 -12 -12 -12 -12 -26 -10 3 49 -2 77 -2 0.5
-12 -12 -12 -12 -12 -12 -12 -12 -9 -12 -26 6 -71 1 14 0.5

-12 -12 -12 -12 -12 -12 -12 -12 -7 -12 16 1 -28 2 69 0.5
-12 -12 -12 -12 -12 -12 -12 -12 -6 -12 15 1 28 1 -70 0.5
-12 -12 -12 -12 -12 -12 -12 -12 -26 -9 -2 76 -1 -52 1 0.5
-12 -12 -12 -12 -12 -12 -12 -12 -24 -10 2 -53 -3 -77 -3 0.5
-12 -12 -12 -12 -12 -12 -12 -12 -7 -14 30 1 70 -1 16 0.5
-12 -12 -12 -12 -12 -12 -12 -12 -8 -11 -17 1 -69 1 -28 0.5
-12 -12 -12 -12 -12 -12 -12 -12 -6 -12 70 1 -27 -1 -16 0.5
-12 -12 -12 -12 -12 -12 -12 -12 -6 -13 -70 1 28 -1 -16 0.5
-12 -12 -12 -12 -12 -12 -12 -12 -22 -14 2 -77 2 55 -1 0.5
-12 -12 -12 -12 -12 -12 -12 -12 -8 -12 -17 -1 69 -2 28 0.5
-12 -12 -12 -12 -12 -12 -12 -12 -25 -9 -1 49 1 75 5 0.5
-12 -12 -12 -12 -12 -12 -12 -12 -9 -12 -27 -1 -70 1 19 0.5

-12 -12 -12 -12 -12 -12 -12 -12 -8 -11 15 -1 -30 1 69 0.5
-12 -12 -12 -12 -12 -12 -12 -12 -7 -14 17 1 29 -1 -70 0.5
-12 -12 -12 -12 -12 -12 -12 -12 -24 -11 -3 78 -3 -54 3 0.5
-12 -12 -12 -12 -12 -12 -12 -12 -25 -18 2 -55 2 -80 1 0.5
-12 -12 -12 -12 -12 -12 -12 -12 -7 -11 28 1 69 1 16 0.5
-12 -12 -12 -12 -12 -12 -12 -12 -8 -12 -17 -1 -69 2 -28 0.5
-12 -12 -12 -12 -12 -12 -12 -12 -9 -12 70 -1 -30 -1 -16 0.5
-12 -12 -12 -12 -12 -12 -12 -12 -9 -11 -70 -1 29 -1 -16 0.5
-12 -12 -12 -12 -12 -12 -12 -12 -22 -13 4 -73 2 51 -2 0.5
-12 -12 -12 -12 -12 -12 -12 -12 -8 -13 -17 -1 70 1 29 0.5
-12 -12 -12 -12 -12 -12 -12 -12 -25 -11 -3 54 -1 78 -3 0.5
-12 -12 -12 -12 -12 -12 -12 -12 -7 -12 -28 -1 -70 -1 16 0.5

-12 -12 -12 -12 -12 -12 -12 -12 -8 -12 16 1 -30 1 69 0.5
-12 -12 -12 -12 -12 -12 -12 -12 -8 -12 18 -1 27 -1 -70 0.5
-12 -12 -12 -12 -12 -12 -12 -12 -21 -12 2 76 2 -53 -1 0.5
-12 -12 -12 -12 -12 -12 -12 -12 -23 -12 -1 -56 -1 -75 1 0.5
-12 -12 -12 -12 -12 -12 -12 -12 -8 -12 28 -1 70 1 17 0.5
-12 -12 -12 -12 -12 -12 -12 -12 -8 -11 -15 1 -69 1 -30 0.5
-12 -12 -12 -12 -12 -12 -12 -12 -7 -12 70 -1 -27 1 -17 0.5
-12 -12 -12 -12 -12 -12 -12 -12 -8 -12 -69 -1 29 2 -16 0.5
-12 -12 -12 -12 -12 -12 -12 -12 -25 -14 -1 -77 -2 51 5 0.5
-12 -12 -12 -12 -12 -12 -12 -12 -8 -12 -15 1 70 1 30 0.5
-12 -12 -12 -12 -12 -12 -12 -12 -22 -13 3 51 2 74 -2 0.5
-12 -12 -12 -12 -12 -12 -12 -12 -7 -14 -29 1 -70 -1 17 0.5

-12 -12 -12 -12 -12 -12 -12 -12 -8 -12 16 1 -29 1 70 0.5
-12 -12 -12 -12 -12 -12 -12 -12 -8 -12 17 2 28 1 -69 0.5
-12 -12 -12 -12 -12 -12 -12 -12 -22 -14 2 80 -3 -53 3 0.5
-12 -12 -12 -12 -12 -12 -12 -12 -25 -13 2 -56 1 -78 2 0.5
-12 -12 -12 -12 -12 -12 -12 -12 -7 -13 28 -1 70 1 17 0.5
-12 -12 -12 -12 -12 -12 -12 -12 -9 -11 -17 -1 -69 -1 -29 0.5
-12 -12 -12 -12 -12 -12 -12 -12 -8 -11 69 -1 -28 2 -16 0.5
-12 -12 -12 -12 -12 -12 -12 -12 -8 -12 -69 1 28 -1 -18 0.5
-12 -12 -12 -12 -12 -12 -12 -12 -25 -13 -3 -78 3 51 -2 0.5
-12 -12 -12 -12 -12 -12 -12 -12 -8 -11 -15 1 69 1 30 0.5
-12 -12 -12 -12 -12 -12 -12 -12 -22 -14 -2 53 -2 74 -4 0.5
-12 -12 -12 -12 -12 -12 -12 -12 -6 -12 -28 -1 -70 1 15 0.5

-12 -12 -12 -12 -12 -12 -12 -12 -8 -10 16 1 -28 1 69 0.5
-12 -12 -12 -12 -12 -12 -12 -12 -8 -12 17 -1 28 -1 -70 0.5
-12 -12 -12 -12 -12 -12 -12 -12 -22 -14 3 74 -3 -51 -2 0.5
-12 -12 -12 -12 -12 -12 -12 -12 -23 -13 3 -52 -4 -75 3 0.5
-12 -12 -12 -12 -12 -12 -12 -12 -9 -11 28 1 70 -1 17 0.5
-12 -12 -12 -12 -12 -12 -12 -12 -8 -12 -16 -1 -69 -2 -29 0.5
-12 -12 -12 -12 -12 -12 -12 -12 -7 -12 68 -1 -29 1 -17 0.5
-12 -12 -12 -12 -12 -12 -12 -12 -9 -12 -70 1 30 -1 -16 0.5
-12 -12 -12 -12 -12 -12 -12 -12 -25 -13 -2 -79 3 55 4 0.5
-12 -12 -12 -12 -12 -12 -12 -12 -8 -12 -17 -2 69 -1 28 0.5
-12 -12 -12 -12 -12 -12 -12 -12 -22 -11 -2 52 2 77 -2 0.5
-12 -12 -12 -12 -12 -12 -12 -12 -8 -11 -29 1 -69 -1 16 0.5
