# 2 solution(s), each slicing 240 of 252 reduced edges (partition [12, 1, 1, 1])
# hyperplanes in the form  a.x = c : each row is [a_1 ... a_n  c]; an edge is sliced iff its two endpoints give a.x on opposite sides of c.

2 2 2 2 2 2 2 2 2 2 2 2 -14 17 13 0.5
6 6 6 6 6 6 6 6 6 6 6 6 -20 14 2 0.5
5 5 5 5 5 5 5 5 5 5 5 5 17 20 -13 0.5
-4 -4 -4 -4 -4 -4 -4 -4 -4 -4 -4 -4 -19 -13 -15 0.5
1 1 1 1 1 1 1 1 1 1 1 1 -2 0 -9 0.5
-1 -1 -1 -1 -1 -1 -1 -1 -1 -1 -1 -1 -18 11 15 0.5
-2 -2 -2 -2 -2 -2 -2 -2 -2 -2 -2 -2 1 10 -5 0.5
-4 -4 -4 -4 -4 -4 -4 -4 -4 -4 -4 -4 -9 17 14 0.5
-5 -5 -5 -5 -5 -5 -5 -5 -5 -5 -5 -5 -17 19 -14 0.5
3 3 3 3 3 3 3 3 3 3 3 3 -14 -10 0 0.5
3 3 3 3 3 3 3 3 3 3 3 3 -14 -1 17 0.5
1 1 1 1 1 1 1 1 1 1 1 1 -2 -11 -16 0.5

-3 -3 -3 -3 -3 -3 -3 -3 -3 -3 -3 -3 -5 17 9 0.5
2 2 2 2 2 2 2 2 2 2 2 2 1 -19 1 0.5
-4 -4 -4 -4 -4 -4 -4 -4 -4 -4 -4 -4 18 -16 -10 0.5
3 3 3 3 3 3 3 3 3 3 3 3 11 19 0 0.5
2 2 2 2 2 2 2 2 2 2 2 2 -17 -5 -10 0.5
-2 -2 -2 -2 -2 -2 -2 -2 -2 -2 -2 -2 -17 -3 -5 0.5
-3 -3 -3 -3 -3 -3 -3 -3 -3 -3 -3 -3 -19 2 -2 0.5
0 0 0 0 0 0 0 0 0 0 0 0 17 18 10 0.5
3 3 3 3 3 3 3 3 3 3 3 3 -11 -2 -19 0.5
3 3 3 3 3 3 3 3 3 3 3 3 -14 -4 14 0.5
-5 -5 -5 -5 -5 -5 -5 -5 -5 -5 -5 -5 -2 -16 -8 0.5
-4 -4 -4 -4 -4 -4 -4 -4 -4 -4 -4 -4 6 14 -4 0.5
