# 20 solution(s), each slicing 552 of 560 reduced edges (partition [11, 1, 1, 1, 1])
# hyperplanes in the form  a.x = c : each row is [a_1 ... a_n  c]; an edge is sliced iff its two endpoints give a.x on opposite sides of c.

-12 -12 -12 -12 -12 -12 -12 -12 -12 -12 -12 6 21 26 76 0.5
-12 -12 -12 -12 -12 -12 -12 -12 -12 -12 -12 13 -77 -18 -25 0.5
-12 -12 -12 -12 -12 -12 -12 -12 -12 -12 -12 -14 33 -78 14 0.5
-12 -12 -12 -12 -12 -12 -12 -12 -12 -12 -12 50 62 -15 8 0.5
-12 -12 -12 -12 -12 -12 -12 -12 -12 -12 -12 -28 77 -18 -34 0.5
-12 -12 -12 -12 -12 -12 -12 -12 -12 -12 -12 -38 62 7 28 0.5
-12 -12 -12 -12 -12 -12 -12 -12 -12 -12 -12 16 -77 4 40 0.5
-12 -12 -12 -12 -12 -12 -12 -12 -12 -12 -12 -16 -76 -41 6 0.5
-12 -12 -12 -12 -12 -12 -12 -12 -12 -12 -12 -30 -17 5 -79 0.5
-12 -12 -12 -12 -12 -12 -12 -12 -12 -12 -12 -80 -34 21 32 0.5
-12 -12 -12 -12 -12 -12 -12 -12 -12 -12 -12 -4 -49 76 -6 0.5
-12 -12 -12 -12 -12 -12 -12 -12 -12 -12 -12 3 64 41 -29 0.5

-12 -12 -12 -12 -12 -12 -12 -12 -12 -12 -12 6 62 -43 -10 0.5
-12 -12 -12 -12 -12 -12 -12 -12 -12 -12 -12 7 -32 69 33 0.5
-12 -12 -12 -12 -12 -12 -12 -12 -12 -12 -12 20 4 -69 21 0.5
-12 -12 -12 -12 -12 -12 -12 -12 -12 -12 -12 6 -79 -42 -6 0.5
-12 -12 -12 -12 -12 -12 -12 -12 -12 -12 -12 -80 -15 7 -31 0.5
-12 -12 -12 -12 -12 -12 -12 -12 -12 -12 -12 -30 60 -19 -52 0.5
-12 -12 -12 -12 -12 -12 -12 -12 -12 -12 -12 8 53 40 5 0.5
-12 -12 -12 -12 -12 -12 -12 -12 -12 -12 -12 -31 -8 -70 31 0.5
-12 -12 -12 -12 -12 -12 -12 -12 -12 -12 -12 -39 17 6 75 0.5
-12 -12 -12 -12 -12 -12 -12 -12 -12 -12 -12 41 18 6 -73 0.5
-12 -12 -12 -12 -12 -12 -12 -12 -12 -12 -12 11 -80 9 -28 0.5
-12 -12 -12 -12 -12 -12 -12 -12 -12 -12 -12 80 6 -5 42 0.5

-12 -12 -12 -12 -12 -12 -12 -12 -12 -12 -12 -14 -50 -66 -4 0.5
-12 -12 -12 -12 -12 -12 -12 -12 -12 -12 -12 19 -13 -28 73 0.5
-12 -12 -12 -12 -12 -12 -12 -12 -12 -12 -12 -34 58 -28 -11 0.5
-12 -12 -12 -12 -12 -12 -12 -12 -12 -12 -12 -4 -7 78 44 0.5
-12 -12 -12 -12 -12 -12 -12 -12 -12 -12 -12 19 -4 44 -69 0.5
-12 -12 -12 -12 -12 -12 -12 -12 -12 -12 -12 -35 76 20 4 0.5
-12 -12 -12 -12 -12 -12 -12 -12 -12 -12 -12 -80 5 18 -30 0.5
-12 -12 -12 -12 -12 -12 -12 -12 -12 -12 -12 5 -75 -23 -28 0.5
-12 -12 -12 -12 -12 -12 -12 -12 -12 -12 -12 -78 9 -15 34 0.5
-12 -12 -12 -12 -12 -12 -12 -12 -12 -12 -12 -14 -80 42 -10 0.5
-12 -12 -12 -12 -12 -12 -12 -12 -12 -12 -12 46 34 -30 -33 0.5
-12 -12 -12 -12 -12 -12 -12 -12 -12 -12 -12 65 45 2 23 0.5

-12 -12 -12 -12 -12 -12 -12 -12 -12 -12 -12 -4 -76 -32 26 0.5
-12 -12 -12 -12 -12 -12 -12 -12 -12 -12 -12 33 8 -79 -7 0.5
-12 -12 -12 -12 -12 -12 -12 -12 -12 -12 -12 -19 -24 2 79 0.5
-12 -12 -12 -12 -12 -12 -12 -12 -12 -12 -12 49 59 -1 24 0.5
-12 -12 -12 -12 -12 -12 -12 -12 -12 -12 -12 -30 79 11 13 0.5
-12 -12 -12 -12 -12 -12 -12 -12 -12 -12 -12 4 65 2 -63 0.5
-12 -12 -12 -12 -12 -12 -12 -12 -12 -12 -12 -80 10 -28 -20 0.5
-12 -12 -12 -12 -12 -12 -12 -12 -12 -12 -12 3 -39 -18 -74 0.5
-12 -12 -12 -12 -12 -12 -12 -12 -12 -12 -12 -29 -64 28 -15 0.5
-12 -12 -12 -12 -12 -12 -12 -12 -12 -12 -12 36 -4 16 -66 0.5
-12 -12 -12 -12 -12 -12 -12 -12 -12 -12 -12 70 -22 2 39 0.5
-12 -12 -12 -12 -12 -12 -12 -12 -12 -12 -12 -34 17 -28 62 0.5

-12 -12 -12 -12 -12 -12 -12 -12 -12 -12 -12 66 30 -14 -32 0.5
-12 -12 -12 -12 -12 -12 -12 -12 -12 -12 -12 -42 15 2 -75 0.5
-12 -12 -12 -12 -12 -12 -12 -12 -12 -12 -12 -10 -79 -30 -22 0.5
-12 -12 -12 -12 -12 -12 -12 -12 -12 -12 -12 42 78 -23 16 0.5
-12 -12 -12 -12 -12 -12 -12 -12 -12 -12 -12 31 2 39 61 0.5
-12 -12 -12 -12 -12 -12 -12 -12 -12 -12 -12 3 -8 -78 44 0.5
-12 -12 -12 -12 -12 -12 -12 -12 -12 -12 -12 -15 5 -57 -50 0.5
-12 -12 -12 -12 -12 -12 -12 -12 -12 -12 -12 -80 17 11 19 0.5
-12 -12 -12 -12 -12 -12 -12 -12 -12 -12 -12 11 -16 63 -47 0.5
-12 -12 -12 -12 -12 -12 -12 -12 -12 -12 -12 -18 80 -20 21 0.5
-12 -12 -12 -12 -12 -12 -12 -12 -12 -12 -12 -15 -38 2 78 0.5
-12 -12 -12 -12 -12 -12 -12 -12 -12 -12 -12 42 -76 -25 -16 0.5

-12 -12 -12 -12 -12 -12 -12 -12 -12 -12 -12 -5 -11 -45 -80 0.5
-12 -12 -12 -12 -12 -12 -12 -12 -12 -12 -12 -34 22 26 71 0.5
-12 -12 -12 -12 -12 -12 -12 -12 -12 -12 -12 22 -78 33 -2 0.5
-12 -12 -12 -12 -12 -12 -12 -12 -12 -12 -12 -37 -31 -55 10 0.5
-12 -12 -12 -12 -12 -12 -12 -12 -12 -12 -12 -80 30 -6 18 0.5
-12 -12 -12 -12 -12 -12 -12 -12 -12 -12 -12 2 15 -63 43 0.5
-12 -12 -12 -12 -12 -12 -12 -12 -12 -12 -12 27 75 -18 -16 0.5
-12 -12 -12 -12 -12 -12 -12 -12 -12 -12 -12 -25 -27 77 14 0.5
-12 -12 -12 -12 -12 -12 -12 -12 -12 -12 -12 -23 31 -6 -77 0.5
-12 -12 -12 -12 -12 -12 -12 -12 -12 -12 -12 35 31 28 40 0.5
-12 -12 -12 -12 -12 -12 -12 -12 -12 -12 -12 9 -43 -67 15 0.5
-12 -12 -12 -12 -12 -12 -12 -12 -12 -12 -12 -10 1 76 -46 0.5

-12 -12 -12 -12 -12 -12 -12 -12 -12 -12 -12 -79 8 -28 -21 0.5
-12 -12 -12 -12 -12 -12 -12 -12 -12 -12 -12 56 2 -46 29 0.5
-12 -12 -12 -12 -12 -12 -12 -12 -12 -12 -12 -22 -56 51 -17 0.5
-12 -12 -12 -12 -12 -12 -12 -12 -12 -12 -12 -20 -24 52 64 0.5
-12 -12 -12 -12 -12 -12 -12 -12 -12 -12 -12 -15 78 33 15 0.5
-12 -12 -12 -12 -12 -12 -12 -12 -12 -12 -12 66 -3 -48 -20 0.5
-12 -12 -12 -12 -12 -12 -12 -12 -12 -12 -12 70 -20 49 8 0.5
-12 -12 -12 -12 -12 -12 -12 -12 -12 -12 -12 15 -17 -29 -69 0.5
-12 -12 -12 -12 -12 -12 -12 -12 -12 -12 -12 23 -75 -37 28 0.5
-12 -12 -12 -12 -12 -12 -12 -12 -12 -12 -12 -28 -6 -24 75 0.5
-12 -12 -12 -12 -12 -12 -12 -12 -12 -12 -12 17 3 39 -76 0.5
-12 -12 -12 -12 -12 -12 -12 -12 -12 -12 -12 -77 -27 -13 -22 0.5

-12 -12 -12 -12 -12 -12 -12 -12 -12 -12 -12 7 -77 -17 6 0.5
-12 -12 -12 -12 -12 -12 -12 -12 -12 -12 -12 30 65 -4 -33 0.5
-12 -12 -12 -12 -12 -12 -12 -12 -12 -12 -12 -79 8 33 17 0.5
-12 -12 -12 -12 -12 -12 -12 -12 -12 -12 -12 76 5 -16 39 0.5
-12 -12 -12 -12 -12 -12 -12 -12 -12 -12 -12 -17 10 -63 -46 0.5
-12 -12 -12 -12 -12 -12 -12 -12 -12 -12 -12 29 -27 76 1 0.5
-12 -12 -12 -12 -12 -12 -12 -12 -12 -12 -12 7 54 74 -10 0.5
-12 -12 -12 -12 -12 -12 -12 -12 -12 -12 -12 -70 9 11 -41 0.5
-12 -12 -12 -12 -12 -12 -12 -12 -12 -12 -12 -1 -46 11 -75 0.5
-12 -12 -12 -12 -12 -12 -12 -12 -12 -12 -12 -8 31 -73 13 0.5
-12 -12 -12 -12 -12 -12 -12 -12 -12 -12 -12 62 -3 -17 -51 0.5
-12 -12 -12 -12 -12 -12 -12 -12 -12 -12 -12 -30 -16 -15 76 0.5

-12 -12 -12 -12 -12 -12 -12 -12 -12 -12 -12 -62 -31 -33 64 0.5
-12 -12 -12 -12 -12 -12 -12 -12 -12 -12 -12 59 -16 9 -53 0.5
-12 -12 -12 -12 -12 -12 -12 -12 -12 -12 -12 -18 78 30 15 0.5
-12 -12 -12 -12 -12 -12 -12 -12 -12 -12 -12 5 35 54 45 0.5
-12 -12 -12 -12 -12 -12 -12 -12 -12 -12 -12 -45 -32 -8 -60 0.5
-12 -12 -12 -12 -12 -12 -12 -12 -12 -12 -12 9 -33 -14 77 0.5
-12 -12 -12 -12 -12 -12 -12 -12 -12 -12 -12 -12 -30 76 30 0.5
-12 -12 -12 -12 -12 -12 -12 -12 -12 -12 -12 -18 -75 22 -33 0.5
-12 -12 -12 -12 -12 -12 -12 -12 -12 -12 -12 61 15 -56 -5 0.5
-12 -12 -12 -12 -12 -12 -12 -12 -12 -12 -12 -79 12 -22 -23 0.5
-12 -12 -12 -12 -12 -12 -12 -12 -12 -12 -12 -16 22 -79 18 0.5
-12 -12 -12 -12 -12 -12 -12 -12 -12 -12 -12 -10 57 10 -74 0.5

-12 -12 -12 -12 -12 -12 -12 -12 -12 -12 -12 73 29 18 25 0.5
-12 -12 -12 -12 -12 -12 -12 -12 -12 -12 -12 5 -2 70 53 0.5
-12 -12 -12 -12 -12 -12 -12 -12 -12 -12 -12 10 -11 44 -67 0.5
-12 -12 -12 -12 -12 -12 -12 -12 -12 -12 -12 53 21 8 -61 0.5
-12 -12 -12 -12 -12 -12 -12 -12 -12 -12 -12 22 -35 3 77 0.5
-12 -12 -12 -12 -12 -12 -12 -12 -12 -12 -12 -79 18 19 -25 0.5
-12 -12 -12 -12 -12 -12 -12 -12 -12 -12 -12 -42 64 3 28 0.5
-12 -12 -12 -12 -12 -12 -12 -12 -12 -12 -12 -20 40 -7 -68 0.5
-12 -12 -12 -12 -12 -12 -12 -12 -12 -12 -12 64 -34 -10 -27 0.5
-12 -12 -12 -12 -12 -12 -12 -12 -12 -12 -12 18 25 -16 76 0.5
-12 -12 -12 -12 -12 -12 -12 -12 -12 -12 -12 -27 -76 2 -30 0.5
-12 -12 -12 -12 -12 -12 -12 -12 -12 -12 -12 -75 -31 -12 15 0.5

-12 -12 -12 -12 -12 -12 -12 -12 -12 -12 -12 -23 -16 20 77 0.5
-12 -12 -12 -12 -12 -12 -12 -12 -12 -12 -12 -22 -67 -8 -40 0.5
-12 -12 -12 -12 -12 -12 -12 -12 -12 -12 -12 24 -6 32 -76 0.5
-12 -12 -12 -12 -12 -12 -12 -12 -12 -12 -12 10 70 30 -39 0.5
-12 -12 -12 -12 -12 -12 -12 -12 -12 -12 -12 71 9 18 39 0.5
-12 -12 -12 -12 -12 -12 -12 -12 -12 -12 -12 -79 20 -21 -8 0.5
-12 -12 -12 -12 -12 -12 -12 -12 -12 -12 -12 -22 -64 42 -34 0.5
-12 -12 -12 -12 -12 -12 -12 -12 -12 -12 -12 2 -45 -8 80 0.5
-12 -12 -12 -12 -12 -12 -12 -12 -12 -12 -12 -20 30 80 -3 0.5
-12 -12 -12 -12 -12 -12 -12 -12 -12 -12 -12 31 45 -39 -32 0.5
-12 -12 -12 -12 -12 -12 -12 -12 -12 -12 -12 -7 80 -7 43 0.5
-12 -12 -12 -12 -12 -12 -12 -12 -12 -12 -12 40 -62 -16 -7 0.5

-12 -12 -12 -12 -12 -12 -12 -12 -12 -12 -12 -5 -80 42 6 0.5
-12 -12 -12 -12 -12 -12 -12 -12 -12 -12 -12 45 29 51 6 0.5
-12 -12 -12 -12 -12 -12 -12 -12 -12 -12 -12 -68 -28 -6 29 0.5
-12 -12 -12 -12 -12 -12 -12 -12 -12 -12 -12 18 -36 11 78 0.5
-12 -12 -12 -12 -12 -12 -12 -12 -12 -12 -12 -2 43 71 -17 0.5
-12 -12 -12 -12 -12 -12 -12 -12 -12 -12 -12 4 41 20 72 0.5
-12 -12 -12 -12 -12 -12 -12 -12 -12 -12 -12 20 68 -20 -28 0.5
-12 -12 -12 -12 -12 -12 -12 -12 -12 -12 -12 -31 -3 -20 -79 0.5
-12 -12 -12 -12 -12 -12 -12 -12 -12 -12 -12 -32 -29 30 -80 0.5
-12 -12 -12 -12 -12 -12 -12 -12 -12 -12 -12 52 -9 -59 13 0.5
-12 -12 -12 -12 -12 -12 -12 -12 -12 -12 -12 -79 26 -3 26 0.5
-12 -12 -12 -12 -12 -12 -12 -12 -12 -12 -12 71 -32 12 -18 0.5

-12 -12 -12 -12 -12 -12 -12 -12 -12 -12 -12 20 67 -14 -28 0.5
-12 -12 -12 -12 -12 -12 -12 -12 -12 -12 -12 -14 -22 80 -34 0.5
-12 -12 -12 -12 -12 -12 -12 -12 -12 -12 -12 5 -31 -17 -80 0.5
-12 -12 -12 -12 -12 -12 -12 -12 -12 -12 -12 8 33 11 77 0.5
-12 -12 -12 -12 -12 -12 -12 -12 -12 -12 -12 28 -62 -18 13 0.5
-12 -12 -12 -12 -12 -12 -12 -12 -12 -12 -12 -55 72 3 5 0.5
-12 -12 -12 -12 -12 -12 -12 -12 -12 -12 -12 -35 -62 -23 13 0.5
-12 -12 -12 -12 -12 -12 -12 -12 -12 -12 -12 4 13 -76 40 0.5
-12 -12 -12 -12 -12 -12 -12 -12 -12 -12 -12 4 -16 64 52 0.5
-12 -12 -12 -12 -12 -12 -12 -12 -12 -12 -12 21 28 51 -36 0.5
-12 -12 -12 -12 -12 -12 -12 -12 -12 -12 -12 -78 -33 14 16 0.5
-12 -12 -12 -12 -12 -12 -12 -12 -12 -12 -12 -16 13 -75 -31 0.5

-12 -12 -12 -12 -12 -12 -12 -12 -12 -12 -12 43 80 1 -1 0.5
-12 -12 -12 -12 -12 -12 -12 -12 -12 -12 -12 -46 -5 80 -2 0.5
-12 -12 -12 -12 -12 -12 -12 -12 -12 -12 -12 -69 29 9 -22 0.5
-12 -12 -12 -12 -12 -12 -12 -12 -12 -12 -12 20 -46 -8 -72 0.5
-12 -12 -12 -12 -12 -12 -12 -12 -12 -12 -12 76 3 26 -29 0.5
-12 -12 -12 -12 -12 -12 -12 -12 -12 -12 -12 -14 -61 -1 57 0.5
-12 -12 -12 -12 -12 -12 -12 -12 -12 -12 -12 20 35 -17 65 0.5
-12 -12 -12 -12 -12 -12 -12 -12 -12 -12 -12 46 -70 2 16 0.5
-12 -12 -12 -12 -12 -12 -12 -12 -12 -12 -12 -78 -25 -6 -16 0.5
-12 -12 -12 -12 -12 -12 -12 -12 -12 -12 -12 -17 26 -15 -75 0.5
-12 -12 -12 -12 -12 -12 -12 -12 -12 -12 -12 -45 31 10 62 0.5
-12 -12 -12 -12 -12 -12 -12 -12 -12 -12 -12 74 4 33 21 0.5

-12 -12 -12 -12 -12 -12 -12 -12 -12 -12 -12 16 -22 -26 79 0.5
-12 -12 -12 -12 -12 -12 -12 -12 -12 -12 -12 -11 44 -76 16 0.5
-12 -12 -12 -12 -12 -12 -12 -12 -12 -12 -12 19 16 -44 -55 0.5
-12 -12 -12 -12 -12 -12 -12 -12 -12 -12 -12 34 59 34 22 0.5
-12 -12 -12 -12 -12 -12 -12 -12 -12 -12 -12 -78 23 29 -13 0.5
-12 -12 -12 -12 -12 -12 -12 -12 -12 -12 -12 33 -5 33 -68 0.5
-12 -12 -12 -12 -12 -12 -12 -12 -12 -12 -12 -8 -13 73 39 0.5
-12 -12 -12 -12 -12 -12 -12 -12 -12 -12 -12 -41 65 17 34 0.5
-12 -12 -12 -12 -12 -12 -12 -12 -12 -12 -12 -19 -17 80 -31 0.5
-12 -12 -12 -12 -12 -12 -12 -12 -12 -12 -12 -28 -74 22 -5 0.5
-12 -12 -12 -12 -12 -12 -12 -12 -12 -12 -12 -8 -54 -60 -16 0.5
-12 -12 -12 -12 -12 -12 -12 -12 -12 -12 -12 -38 -31 -70 9 0.5

-12 -12 -12 -12 -12 -12 -12 -12 -12 -12 -12 -1 30 -76 -26 0.5
-12 -12 -12 -12 -12 -12 -12 -12 -12 -12 -12 74 -14 -17 -30 0.5
-12 -12 -12 -12 -12 -12 -12 -12 -12 -12 -12 -17 -16 -50 76 0.5
-12 -12 -12 -12 -12 -12 -12 -12 -12 -12 -12 -15 74 7 -28 0.5
-12 -12 -12 -12 -12 -12 -12 -12 -12 -12 -12 14 -7 68 44 0.5
-12 -12 -12 -12 -12 -12 -12 -12 -12 -12 -12 67 3 -16 51 0.5
-12 -12 -12 -12 -12 -12 -12 -12 -12 -12 -12 -76 10 22 27 0.5
-12 -12 -12 -12 -12 -12 -12 -12 -12 -12 -12 -3 -40 15 -67 0.5
-12 -12 -12 -12 -12 -12 -12 -12 -12 -12 -12 61 7 39 -28 0.5
-12 -12 -12 -12 -12 -12 -12 -12 -12 -12 -12 -21 -78 33 28 0.5
-12 -12 -12 -12 -12 -12 -12 -12 -12 -12 -12 -4 -69 -45 -9 0.5
-12 -12 -12 -12 -12 -12 -12 -12 -12 -12 -12 -77 -20 10 -29 0.5

-12 -12 -12 -12 -12 -12 -12 -12 -12 -12 -12 51 -8 76 -9 0.5
-12 -12 -12 -12 -12 -12 -12 -12 -12 -12 -12 8 42 -27 -56 0.5
-12 -12 -12 -12 -12 -12 -12 -12 -12 -12 -12 -21 57 17 -40 0.5
-12 -12 -12 -12 -12 -12 -12 -12 -12 -12 -12 -18 -39 79 -27 0.5
-12 -12 -12 -12 -12 -12 -12 -12 -12 -12 -12 -12 -74 9 -15 0.5
-12 -12 -12 -12 -12 -12 -12 -12 -12 -12 -12 18 -25 -70 -52 0.5
-12 -12 -12 -12 -12 -12 -12 -12 -12 -12 -12 78 -26 -25 12 0.5
-12 -12 -12 -12 -12 -12 -12 -12 -12 -12 -12 4 20 45 69 0.5
-12 -12 -12 -12 -12 -12 -12 -12 -12 -12 -12 -9 51 -34 54 0.5
-12 -12 -12 -12 -12 -12 -12 -12 -12 -12 -12 -15 -78 -33 -7 0.5
-12 -12 -12 -12 -12 -12 -12 -12 -12 -12 -12 -77 -19 22 27 0.5
-12 -12 -12 -12 -12 -12 -12 -12 -12 -12 -12 -16 -22 -73 46 0.5

-12 -12 -12 -12 -12 -12 -12 -12 -12 -12 -12 -77 -4 -22 -34 0.5
-12 -12 -12 -12 -12 -12 -12 -12 -12 -12 -12 -77 -8 -38 9 0.5
-12 -12 -12 -12 -12 -12 -12 -12 -12 -12 -12 57 19 -34 -34 0.5
-12 -12 -12 -12 -12 -12 -12 -12 -12 -12 -12 -19 80 -29 5 0.5
-12 -12 -12 -12 -12 -12 -12 -12 -12 -12 -12 -16 12 32 -75 0.5
-12 -12 -12 -12 -12 -12 -12 -12 -12 -12 -12 -49 -4 19 61 0.5
-12 -12 -12 -12 -12 -12 -12 -12 -12 -12 -12 4 16 76 39 0.5
-12 -12 -12 -12 -12 -12 -12 -12 -12 -12 -12 10 -54 -63 8 0.5
-12 -12 -12 -12 -12 -12 -12 -12 -12 -12 -12 9 80 31 -10 0.5
-12 -12 -12 -12 -12 -12 -12 -12 -12 -12 -12 9 -77 27 14 0.5
-12 -12 -12 -12 -12 -12 -12 -12 -12 -12 -12 5 -74 32 -28 0.5
-12 -12 -12 -12 -12 -12 -12 -12 -12 -12 -12 44 9 -27 51 0.5

-12 -12 -12 -12 -12 -12 -12 -12 -12 -12 -12 -18 1 -80 -34 0.5
-12 -12 -12 -12 -12 -12 -12 -12 -12 -12 -12 42 -4 -71 -17 0.5
-12 -12 -12 -12 -12 -12 -12 -12 -12 -12 -12 15 77 -36 11 0.5
-12 -12 -12 -12 -12 -12 -12 -12 -12 -12 -12 -28 -19 -15 75 0.5
-12 -12 -12 -12 -12 -12 -12 -12 -12 -12 -12 60 -7 67 4 0.5
-12 -12 -12 -12 -12 -12 -12 -12 -12 -12 -12 55 40 10 39 0.5
-12 -12 -12 -12 -12 -12 -12 -12 -12 -12 -12 -77 22 -27 14 0.5
-12 -12 -12 -12 -12 -12 -12 -12 -12 -12 -12 21 16 37 -64 0.5
-12 -12 -12 -12 -12 -12 -12 -12 -12 -12 -12 -68 -7 35 16 0.5
-12 -12 -12 -12 -12 -12 -12 -12 -12 -12 -12 65 -29 -9 28 0.5
-12 -12 -12 -12 -12 -12 -12 -12 -12 -12 -12 -35 -19 17 -70 0.5
-12 -12 -12 -12 -12 -12 -12 -12 -12 -12 -12 -18 33 78 8 0.5

-12 -12 -12 -12 -12 -12 -12 -12 -12 -12 -12 4 -63 47 -25 0.5
-12 -12 -12 -12 -12 -12 -12 -12 -12 -12 -12 31 20 -7 -67 0.5
-12 -12 -12 -12 -12 -12 -12 -12 -12 -12 -12 7 48 78 -5 0.5
-12 -12 -12 -12 -12 -12 -12 -12 -12 -12 -12 50 18 -50 20 0.5
-12 -12 -12 -12 -12 -12 -12 -12 -12 -12 -12 -19 31 -41 38 0.5
-12 -12 -12 -12 -12 -12 -12 -12 -12 -12 -12 -34 76 -2 -21 0.5
-12 -12 -12 -12 -12 -12 -12 -12 -12 -12 -12 20 -35 9 80 0.5
-12 -12 -12 -12 -12 -12 -12 -12 -12 -12 -12 -66 -23 4 -46 0.5
-12 -12 -12 -12 -12 -12 -12 -12 -12 -12 -12 -76 -25 -6 26 0.5
-12 -12 -12 -12 -12 -12 -12 -12 -12 -12 -12 22 -76 -9 -40 0.5
-12 -12 -12 -12 -12 -12 -12 -12 -12 -12 -12 79 11 34 17 0.5
-12 -12 -12 -12 -12 -12 -12 -12 -12 -12 -12 -19 10 77 31 0.5
