# 19 solution(s), each slicing 852 of 864 reduced edges (partition [7, 1, 1, 1, 1, 1])
# hyperplanes in the form  a.x = c : each row is [a_1 ... a_n  c]; an edge is sliced iff its two endpoints give a.x on opposite sides of c.

-18 -18 -18 -18 -18 -18 -18 43 32 31 -35 -74 0.5
-18 -18 -18 -18 -18 -18 -18 -39 -39 79 39 21 0.5
-18 -18 -18 -18 -18 -18 -18 62 -48 -70 47 15 0.5
-18 -18 -18 -18 -18 -18 -18 47 43 65 -41 4 0.5
-18 -18 -18 -18 -18 -18 -18 59 33 -47 -31 -45 0.5
-18 -18 -18 -18 -18 -18 -18 -65 -52 -48 51 -5 0.5
-18 -18 -18 -18 -18 -18 -18 -51 -49 -30 50 71 0.5
-18 -18 -18 -18 -18 -18 -18 -73 33 25 -34 -38 0.5
-18 -18 -18 -18 -18 -18 -18 28 32 -43 -34 42 0.5

-18 -18 -18 -18 -18 -18 -18 -50 -47 -61 -48 9 0.5
-18 -18 -18 -18 -18 -18 -18 33 35 -15 32 -52 0.5
-18 -18 -18 -18 -18 -18 -18 44 42 31 39 73 0.5
-18 -18 -18 -18 -18 -18 -18 38 37 80 39 -21 0.5
-18 -18 -18 -18 -18 -18 -18 30 31 -52 38 60 0.5
-18 -18 -18 -18 -18 -18 -18 -30 -33 45 -30 45 0.5
-18 -18 -18 -18 -18 -18 -18 -37 -37 -21 -40 -80 0.5
-18 -18 -18 -18 -18 -18 -18 -26 -21 70 -25 -55 0.5
-18 -18 -18 -18 -18 -18 -18 -23 -20 -78 -24 40 0.5

-18 -18 -18 -18 -18 -18 -18 27 -29 45 -27 -77 0.5
-18 -18 -18 -18 -18 -18 -18 32 -32 41 -34 48 0.5
-18 -18 -18 -18 -18 -18 -18 -42 37 80 37 -19 0.5
-18 -18 -18 -18 -18 -18 -18 32 -35 -80 -31 -21 0.5
-18 -18 -18 -18 -18 -18 -18 -30 46 -64 30 70 0.5
-18 -18 -18 -18 -18 -18 -18 -42 48 -17 44 -54 0.5
-18 -18 -18 -18 -18 -18 -18 -47 52 28 49 69 0.5
-18 -18 -18 -18 -18 -18 -18 41 -45 6 -38 -63 0.5
-18 -18 -18 -18 -18 -18 -18 29 -33 -46 -32 73 0.5

-18 -18 -18 -18 -18 -18 -18 -40 -31 -70 28 28 0.5
-18 -18 -18 -18 -18 -18 -18 -44 42 -65 8 -34 0.5
-18 -18 -18 -18 -18 -18 -18 44 -50 52 47 -14 0.5
-18 -18 -18 -18 -18 -18 -18 -37 35 -41 -79 -15 0.5
-18 -18 -18 -18 -18 -18 -18 51 -41 40 41 80 0.5
-18 -18 -18 -18 -18 -18 -18 -32 31 27 -3 -63 0.5
-18 -18 -18 -18 -18 -18 -18 -38 40 79 -51 -7 0.5
-18 -18 -18 -18 -18 -18 -18 48 -46 -79 39 39 0.5
-18 -18 -18 -18 -18 -18 -18 69 36 61 -41 -12 0.5

-17 -17 -17 -17 -17 -17 -17 78 -30 32 56 25 0.5
-17 -17 -17 -17 -17 -17 -17 -80 39 -38 -21 -40 0.5
-17 -17 -17 -17 -17 -17 -17 13 36 -40 -46 -37 0.5
-17 -17 -17 -17 -17 -17 -17 74 33 -32 -39 -30 0.5
-17 -17 -17 -17 -17 -17 -17 -75 -29 6 -22 28 0.5
-17 -17 -17 -17 -17 -17 -17 -19 -27 28 80 26 0.5
-17 -17 -17 -17 -17 -17 -17 59 24 -38 47 -36 0.5
-17 -17 -17 -17 -17 -17 -17 40 -28 32 -42 31 0.5
-17 -17 -17 -17 -17 -17 -17 -75 -33 56 -27 31 0.5

-16 -16 -16 -16 -16 -16 -16 -44 -31 -28 -46 35 0.5
-16 -16 -16 -16 -16 -16 -16 20 -36 -33 73 33 0.5
-16 -16 -16 -16 -16 -16 -16 -46 29 25 -68 -24 0.5
-16 -16 -16 -16 -16 -16 -16 -70 25 25 13 -25 0.5
-16 -16 -16 -16 -16 -16 -16 -60 -29 -34 33 40 0.5
-16 -16 -16 -16 -16 -16 -16 51 27 30 -54 -29 0.5
-16 -16 -16 -16 -16 -16 -16 51 -36 -26 -19 27 0.5
-16 -16 -16 -16 -16 -16 -16 62 64 28 36 -23 0.5
-16 -16 -16 -16 -16 -16 -16 57 -11 34 39 -37 0.5

-16 -16 -16 -16 -16 -16 -16 -25 27 -26 -62 -57 0.5
-16 -16 -16 -16 -16 -16 -16 -29 27 -28 64 37 0.5
-16 -16 -16 -16 -16 -16 -16 44 -77 38 -33 43 0.5
-16 -16 -16 -16 -16 -16 -16 27 -24 26 -59 -33 0.5
-16 -16 -16 -16 -16 -16 -16 33 -33 24 70 35 0.5
-16 -16 -16 -16 -16 -16 -16 -30 28 -55 56 -35 0.5
-16 -16 -16 -16 -16 -16 -16 -29 27 2 62 -37 0.5
-16 -16 -16 -16 -16 -16 -16 -35 30 -31 -62 -2 0.5
-16 -16 -16 -16 -16 -16 -16 42 -4 42 -33 44 0.5

-15 -15 -15 -15 -15 -15 -15 -79 -29 17 -18 -31 0.5
-15 -15 -15 -15 -15 -15 -15 57 -31 23 -55 -30 0.5
-15 -15 -15 -15 -15 -15 -15 33 -39 26 27 -23 0.5
-15 -15 -15 -15 -15 -15 -15 11 52 -57 37 35 0.5
-15 -15 -15 -15 -15 -15 -15 2 -41 39 -59 -37 0.5
-15 -15 -15 -15 -15 -15 -15 -42 -47 -46 29 34 0.5
-15 -15 -15 -15 -15 -15 -15 -71 42 -38 39 40 0.5
-15 -15 -15 -15 -15 -15 -15 36 49 19 27 27 0.5
-15 -15 -15 -15 -15 -15 -15 62 48 10 -23 -27 0.5

-12 -12 -12 -12 -12 -12 -12 -33 -29 -36 -30 -11 0.5
-12 -12 -12 -12 -12 -12 -12 -27 -32 -14 -26 62 0.5
-12 -12 -12 -12 -12 -12 -12 20 18 8 20 51 0.5
-12 -12 -12 -12 -12 -12 -12 -25 -22 42 -22 -34 0.5
-12 -12 -12 -12 -12 -12 -12 20 20 55 17 -37 0.5
-12 -12 -12 -12 -12 -12 -12 27 22 1 28 -45 0.5
-12 -12 -12 -12 -12 -12 -12 -27 -29 46 -22 21 0.5
-12 -12 -12 -12 -12 -12 -12 22 22 -57 16 35 0.5
-12 -12 -12 -12 -12 -12 -12 22 19 -37 21 -38 0.5

-8 -8 -8 -8 -8 -8 -8 -20 25 -2 -20 -22 0.5
-8 -8 -8 -8 -8 -8 -8 -15 -21 -15 -18 -28 0.5
-8 -8 -8 -8 -8 -8 -8 -17 17 -32 -19 -20 0.5
-8 -8 -8 -8 -8 -8 -8 -17 13 -19 -21 45 0.5
-8 -8 -8 -8 -8 -8 -8 13 -22 19 12 -39 0.5
-8 -8 -8 -8 -8 -8 -8 13 -7 27 14 20 0.5
-8 -8 -8 -8 -8 -8 -8 15 17 -18 19 14 0.5
-8 -8 -8 -8 -8 -8 -8 13 -44 19 15 12 0.5
-8 -8 -8 -8 -8 -8 -8 14 19 24 14 21 0.5

6 6 6 6 6 6 6 -15 -10 -10 -15 11 0.5
6 6 6 6 6 6 6 6 14 14 16 -13 0.5
6 6 6 6 6 6 6 17 15 11 -19 -11 0.5
6 6 6 6 6 6 6 30 -11 -9 -20 11 0.5
6 6 6 6 6 6 6 -14 -11 -11 21 26 0.5
6 6 6 6 6 6 6 -11 14 13 -23 -10 0.5
6 6 6 6 6 6 6 -32 16 15 7 -15 0.5
6 6 6 6 6 6 6 -15 -11 -12 21 -3 0.5
6 6 6 6 6 6 6 31 -10 -10 7 10 0.5

8 8 8 8 8 8 8 -45 14 -15 12 -19 0.5
8 8 8 8 8 8 8 -35 13 -13 -24 -15 0.5
8 8 8 8 8 8 8 19 -41 15 18 16 0.5
8 8 8 8 8 8 8 10 17 -20 32 -26 0.5
8 8 8 8 8 8 8 24 -20 23 -39 19 0.5
8 8 8 8 8 8 8 20 15 -15 17 18 0.5
8 8 8 8 8 8 8 -16 -11 14 -30 14 0.5
8 8 8 8 8 8 8 20 3 26 22 18 0.5
8 8 8 8 8 8 8 11 14 -14 -4 -22 0.5

9 9 9 9 9 9 9 19 15 19 34 -41 0.5
9 9 9 9 9 9 9 25 -24 -19 32 19 0.5
9 9 9 9 9 9 9 -50 12 14 16 -20 0.5
9 9 9 9 9 9 9 21 17 19 31 2 0.5
9 9 9 9 9 9 9 -21 11 -19 -16 25 0.5
9 9 9 9 9 9 9 -6 -33 -18 -30 23 0.5
9 9 9 9 9 9 9 35 -20 -19 -16 14 0.5
9 9 9 9 9 9 9 -8 16 46 -22 -14 0.5
9 9 9 9 9 9 9 -14 17 -16 -23 -20 0.5

14 14 14 14 14 14 14 -27 -26 61 27 -8 0.5
14 14 14 14 14 14 14 -60 -27 -53 27 -34 0.5
14 14 14 14 14 14 14 -21 -18 43 21 70 0.5
14 14 14 14 14 14 14 7 -33 -49 33 -40 0.5
14 14 14 14 14 14 14 32 32 -41 -36 16 0.5
14 14 14 14 14 14 14 -25 -26 -45 27 48 0.5
14 14 14 14 14 14 14 32 31 -20 -34 -72 0.5
14 14 14 14 14 14 14 30 24 47 -30 35 0.5
14 14 14 14 14 14 14 28 29 57 -26 -30 0.5

14 14 14 14 14 14 14 32 29 -62 -15 -29 0.5
14 14 14 14 14 14 14 30 32 -21 51 -33 0.5
14 14 14 14 14 14 14 28 26 44 36 -30 0.5
14 14 14 14 14 14 14 -23 -27 67 42 19 0.5
14 14 14 14 14 14 14 5 -26 -35 -48 27 0.5
14 14 14 14 14 14 14 -60 -21 -31 -55 28 0.5
14 14 14 14 14 14 14 27 32 15 -47 -24 0.5
14 14 14 14 14 14 14 -36 -30 71 -17 32 0.5
14 14 14 14 14 14 14 -24 -27 -36 34 24 0.5

15 15 15 15 15 15 15 -51 -25 24 29 25 0.5
15 15 15 15 15 15 15 -59 61 -26 -30 -23 0.5
15 15 15 15 15 15 15 -14 36 70 -36 -37 0.5
15 15 15 15 15 15 15 48 27 -49 -23 -27 0.5
15 15 15 15 15 15 15 -27 -22 -61 23 22 0.5
15 15 15 15 15 15 15 -61 -2 -41 -40 -40 0.5
15 15 15 15 15 15 15 33 -25 56 28 25 0.5
15 15 15 15 15 15 15 54 -26 -19 28 27 0.5
15 15 15 15 15 15 15 80 33 30 -32 -33 0.5

18 18 18 18 18 18 18 75 37 2 32 27 0.5
18 18 18 18 18 18 18 -58 -10 45 38 38 0.5
18 18 18 18 18 18 18 56 34 -79 24 22 0.5
18 18 18 18 18 18 18 -78 63 25 39 43 0.5
18 18 18 18 18 18 18 -53 40 -55 31 32 0.5
18 18 18 18 18 18 18 -54 -40 -6 -50 -49 0.5
18 18 18 18 18 18 18 -18 -39 77 -38 -38 0.5
18 18 18 18 18 18 18 59 -48 -49 -32 -35 0.5
18 18 18 18 18 18 18 68 -39 36 -47 -49 0.5

18 18 18 18 18 18 18 34 -34 6 75 44 0.5
18 18 18 18 18 18 18 34 -70 -42 -70 44 0.5
18 18 18 18 18 18 18 14 49 35 -41 -53 0.5
18 18 18 18 18 18 18 -76 45 35 -28 -34 0.5
18 18 18 18 18 18 18 -47 39 31 68 -44 0.5
18 18 18 18 18 18 18 39 23 -55 -71 42 0.5
18 18 18 18 18 18 18 29 37 11 -60 43 0.5
18 18 18 18 18 18 18 34 -44 -76 61 32 0.5
18 18 18 18 18 18 18 -32 -48 35 62 -44 0.5

19 19 19 19 19 19 19 46 3 -44 -74 -52 0.5
19 19 19 19 19 19 19 27 77 -47 -61 -41 0.5
19 19 19 19 19 19 19 -64 -43 37 -12 70 0.5
19 19 19 19 19 19 19 -5 34 -45 78 -34 0.5
19 19 19 19 19 19 19 80 21 -21 40 -23 0.5
19 19 19 19 19 19 19 -43 -47 37 -31 -2 0.5
19 19 19 19 19 19 19 -43 -48 40 75 45 0.5
19 19 19 19 19 19 19 -79 33 -31 -75 -30 0.5
19 19 19 19 19 19 19 71 -34 57 42 66 0.5
