# 20 solution(s), each slicing 5120 of 5120 edges [FULL]
# hyperplanes in the form  a.x = c : each row is [a_1 ... a_n  c]; an edge is sliced iff its two endpoints give a.x on opposite sides of c.

-22 -22 -22 -22 -22 -22 -3 -20 71 -41 0.5
-22 -22 -22 -22 -22 -22 12 -12 -36 -79 0.5
-22 -22 -22 -22 -22 -22 -42 -80 -14 5 0.5
-22 -22 -22 -22 -22 -22 7 14 -79 36 0.5
-22 -22 -22 -22 -22 -22 36 79 20 -5 0.5
-22 -22 -22 -22 -22 -22 -80 33 -12 -12 0.5
-22 -22 -22 -22 -22 -22 -9 14 33 80 0.5
-22 -22 -22 -22 -22 -22 79 -36 17 5 0.5

-21 -21 -21 -21 -21 -21 71 41 -18 -5 0.5
-21 -21 -21 -21 -21 -21 -16 -6 -74 -41 0.5
-21 -21 -21 -21 -21 -21 42 -72 8 -12 0.5
-21 -21 -21 -21 -21 -21 -17 5 38 -69 0.5
-21 -21 -21 -21 -21 -21 9 -11 -31 77 0.5
-21 -21 -21 -21 -21 -21 18 11 79 38 0.5
-21 -21 -21 -21 -21 -21 -75 -36 15 3 0.5
-21 -21 -21 -21 -21 -21 -40 75 -18 9 0.5

-18 -18 -18 -18 -18 -18 -4 -9 -33 65 0.5
-18 -18 -18 -18 -18 -18 -4 9 66 31 0.5
-18 -18 -18 -18 -18 -18 11 -3 -62 -33 0.5
-18 -18 -18 -18 -18 -18 -74 31 -9 -11 0.5
-18 -18 -18 -18 -18 -18 31 74 -5 4 0.5
-18 -18 -18 -18 -18 -18 62 -37 5 12 0.5
-18 -18 -18 -18 -18 -18 -33 -66 5 -5 0.5
-18 -18 -18 -18 -18 -18 9 4 31 -66 0.5

-18 -18 -18 -18 -18 -18 -34 -7 -65 -7 0.5
-18 -18 -18 -18 -18 -18 33 3 74 3 0.5
-18 -18 -18 -18 -18 -18 -14 32 10 -65 0.5
-18 -18 -18 -18 -18 -18 63 3 -32 -14 0.5
-18 -18 -18 -18 -18 -18 10 -31 -10 71 0.5
-18 -18 -18 -18 -18 -18 -67 -10 33 9 0.5
-18 -18 -18 -18 -18 -18 -7 64 -14 32 0.5
-18 -18 -18 -18 -18 -18 16 -67 10 -34 0.5

-15 -15 -15 -15 -15 -15 -5 -21 -60 9 0.5
-15 -15 -15 -15 -15 -15 51 4 -12 27 0.5
-15 -15 -15 -15 -15 -15 31 -3 -10 -49 0.5
-15 -15 -15 -15 -15 -15 -56 -2 9 -26 0.5
-15 -15 -15 -15 -15 -15 4 25 54 -9 0.5
-15 -15 -15 -15 -15 -15 2 -55 23 12 0.5
-15 -15 -15 -15 -15 -15 -1 58 -19 -13 0.5
-15 -15 -15 -15 -15 -15 -25 7 9 54 0.5

-14 -14 -14 -14 -14 -14 24 -50 11 -2 0.5
-14 -14 -14 -14 -14 -14 4 7 -26 -52 0.5
-14 -14 -14 -14 -14 -14 54 25 11 7 0.5
-14 -14 -14 -14 -14 -14 -10 -9 22 57 0.5
-14 -14 -14 -14 -14 -14 -47 -30 -7 -8 0.5
-14 -14 -14 -14 -14 -14 -10 9 51 -29 0.5
-14 -14 -14 -14 -14 -14 4 -6 -56 19 0.5
-14 -14 -14 -14 -14 -14 -22 51 -3 9 0.5

-13 -13 -13 -13 -13 -13 19 6 -9 49 0.5
-13 -13 -13 -13 -13 -13 -9 -48 -28 8 0.5
-13 -13 -13 -13 -13 -13 -55 6 6 19 0.5
-13 -13 -13 -13 -13 -13 6 49 23 -5 0.5
-13 -13 -13 -13 -13 -13 49 -9 -3 -20 0.5
-13 -13 -13 -13 -13 -13 11 -25 49 8 0.5
-13 -13 -13 -13 -13 -13 -5 23 -48 -5 0.5
-13 -13 -13 -13 -13 -13 -24 -9 6 -48 0.5

-13 -13 -13 -13 -13 -13 -50 -10 -3 -20 0.5
-13 -13 -13 -13 -13 -13 -3 48 -21 8 0.5
-13 -13 -13 -13 -13 -13 -21 -10 3 46 0.5
-13 -13 -13 -13 -13 -13 46 8 4 23 0.5
-13 -13 -13 -13 -13 -13 -3 21 46 -10 0.5
-13 -13 -13 -13 -13 -13 23 3 -3 -50 0.5
-13 -13 -13 -13 -13 -13 3 -20 -49 8 0.5
-13 -13 -13 -13 -13 -13 6 -43 26 -10 0.5

-12 -12 -12 -12 -12 -12 43 7 -7 24 0.5
-12 -12 -12 -12 -12 -12 7 19 43 -6 0.5
-12 -12 -12 -12 -12 -12 -7 -19 -43 4 0.5
-12 -12 -12 -12 -12 -12 -49 -4 4 -19 0.5
-12 -12 -12 -12 -12 -12 -6 43 -19 -7 0.5
-12 -12 -12 -12 -12 -12 -19 7 6 43 0.5
-12 -12 -12 -12 -12 -12 19 -8 -3 -47 0.5
-12 -12 -12 -12 -12 -12 8 -45 22 6 0.5

-12 -12 -12 -12 -12 -12 19 -5 51 -5 0.5
-12 -12 -12 -12 -12 -12 7 26 1 39 0.5
-12 -12 -12 -12 -12 -12 -19 5 -49 2 0.5
-12 -12 -12 -12 -12 -12 51 2 -19 -2 0.5
-12 -12 -12 -12 -12 -12 -7 -23 -7 -46 0.5
-12 -12 -12 -12 -12 -12 7 -45 -7 26 0.5
-12 -12 -12 -12 -12 -12 -46 -7 19 2 0.5
-12 -12 -12 -12 -12 -12 -7 46 2 -19 0.5

-11 -11 -11 -11 -11 -11 -17 40 -6 6 0.5
-11 -11 -11 -11 -11 -11 2 -6 -39 20 0.5
-11 -11 -11 -11 -11 -11 8 2 -20 -37 0.5
-11 -11 -11 -11 -11 -11 -8 5 37 -21 0.5
-11 -11 -11 -11 -11 -11 39 19 3 7 0.5
-11 -11 -11 -11 -11 -11 -9 -3 20 38 0.5
-11 -11 -11 -11 -11 -11 20 -39 9 -3 0.5
-11 -11 -11 -11 -11 -11 -39 -21 -3 -8 0.5

-10 -10 -10 -10 -10 -10 6 -37 -5 -19 0.5
-10 -10 -10 -10 -10 -10 3 -17 5 37 0.5
-10 -10 -10 -10 -10 -10 39 5 16 -1 0.5
-10 -10 -10 -10 -10 -10 17 5 -39 6 0.5
-10 -10 -10 -10 -10 -10 -3 37 5 17 0.5
-10 -10 -10 -10 -10 -10 -39 -5 -16 1 0.5
-10 -10 -10 -10 -10 -10 -5 17 -6 -37 0.5
-10 -10 -10 -10 -10 -10 -19 -6 37 -3 0.5

-10 -10 -10 -10 -10 -10 -20 31 -5 -5 0.5
-10 -10 -10 -10 -10 -10 8 3 38 -14 0.5
-10 -10 -10 -10 -10 -10 -1 3 17 40 0.5
-10 -10 -10 -10 -10 -10 5 -5 -15 -39 0.5
-10 -10 -10 -10 -10 -10 -38 -19 8 -6 0.5
-10 -10 -10 -10 -10 -10 20 -33 9 3 0.5
-10 -10 -10 -10 -10 -10 -6 -4 -37 17 0.5
-10 -10 -10 -10 -10 -10 37 18 -5 3 0.5

-10 -10 -10 -10 -10 -10 36 3 7 -18 0.5
-10 -10 -10 -10 -10 -10 -17 -4 9 -37 0.5
-10 -10 -10 -10 -10 -10 9 -36 15 1 0.5
-10 -10 -10 -10 -10 -10 9 -19 -38 -7 0.5
-10 -10 -10 -10 -10 -10 -8 18 37 4 0.5
-10 -10 -10 -10 -10 -10 15 1 -5 40 0.5
-10 -10 -10 -10 -10 -10 -3 37 -21 -4 0.5
-10 -10 -10 -10 -10 -10 -38 -4 -8 17 0.5

-10 -10 -10 -10 -10 -10 -21 -5 -35 -4 0.5
-10 -10 -10 -10 -10 -10 3 -15 -8 38 0.5
-10 -10 -10 -10 -10 -10 -8 40 -8 18 0.5
-10 -10 -10 -10 -10 -10 40 4 -15 -4 0.5
-10 -10 -10 -10 -10 -10 6 -36 4 -15 0.5
-10 -10 -10 -10 -10 -10 -8 19 4 -36 0.5
-10 -10 -10 -10 -10 -10 18 4 38 6 0.5
-10 -10 -10 -10 -10 -10 -36 -8 19 6 0.5

-10 -10 -10 -10 -10 -10 14 -39 -4 -5 0.5
-10 -10 -10 -10 -10 -10 -33 -21 4 -5 0.5
-10 -10 -10 -10 -10 -10 -5 4 -33 -21 0.5
-10 -10 -10 -10 -10 -10 -5 -4 -13 39 0.5
-10 -10 -10 -10 -10 -10 33 21 -5 4 0.5
-10 -10 -10 -10 -10 -10 -14 39 5 5 0.5
-10 -10 -10 -10 -10 -10 4 -5 33 21 0.5
-10 -10 -10 -10 -10 -10 5 5 14 -39 0.5

-9 -9 -9 -9 -8 -19 -32 -3 11 2 0.5
-9 -9 -9 -9 -8 3 -6 32 9 15 0.5
-9 -9 -9 -9 -7 -3 -4 14 9 -36 0.5
-9 -9 -9 -9 -9 1 4 -13 9 37 0.5
-9 -9 -9 -9 -7 33 -15 -1 11 -6 0.5
-9 -9 -9 -9 -10 -29 21 1 9 5 0.5
-9 -9 -9 -9 -10 18 30 4 10 -5 0.5
-9 -9 -9 -9 -8 -2 3 -36 5 -11 0.5

-9 -9 -9 -9 -9 -9 40 -4 -3 12 0.5
-9 -9 -9 -9 -9 -9 3 32 -21 -3 0.5
-9 -9 -9 -9 -9 -9 -1 -21 -32 -1 0.5
-9 -9 -9 -9 -9 -9 12 -3 4 -40 0.5
-9 -9 -9 -9 -9 -9 -12 3 -3 40 0.5
-9 -9 -9 -9 -9 -9 -3 -32 21 3 0.5
-9 -9 -9 -9 -9 -9 -40 3 4 -12 0.5
-9 -9 -9 -9 -9 -9 3 21 32 3 0.5

-9 -9 -9 -9 -9 -9 35 13 4 5 0.5
-9 -9 -9 -9 -9 -9 -39 -12 -4 -3 0.5
-9 -9 -9 -9 -9 -9 17 -30 8 -2 0.5
-9 -9 -9 -9 -9 -9 -3 -2 19 33 0.5
-9 -9 -9 -9 -9 -9 4 3 -20 -30 0.5
-9 -9 -9 -9 -9 -9 4 -5 -32 14 0.5
-9 -9 -9 -9 -9 -9 -5 2 29 -20 0.5
-9 -9 -9 -9 -9 -9 -11 38 -4 4 0.5

-9 -9 -9 -9 -9 -9 5 -33 -16 3 0.5
-9 -9 -9 -9 -9 -9 -13 5 -6 37 0.5
-9 -9 -9 -9 -9 -9 -5 32 20 -6 0.5
-9 -9 -9 -9 -9 -9 -39 -3 -4 -12 0.5
-9 -9 -9 -9 -9 -9 14 -2 4 -37 0.5
-9 -9 -9 -9 -9 -9 6 18 -31 -5 0.5
-9 -9 -9 -9 -9 -9 -3 -20 31 1 0.5
-9 -9 -9 -9 -9 -9 34 8 5 16 0.5
