# 20 solution(s), each slicing 2298 of 2304 edges
# hyperplanes in the form  a.x = c : each row is [a_1 ... a_n  c]; an edge is sliced iff its two endpoints give a.x on opposite sides of c.

-19 -19 -19 -19 21 -54 -18 -26 10 0.5
-19 -19 -19 -19 30 46 -19 -36 41 0.5
-19 -19 -19 -19 -36 6 -19 34 29 0.5
-19 -19 -19 -19 10 54 -19 79 -65 0.5
-19 -19 -19 -19 48 -10 -19 -61 -68 0.5
-19 -19 -19 -19 34 -43 -19 59 -33 0.5
-19 -19 -19 -19 34 76 -18 -4 -54 0.5

-12 -12 -12 -12 -21 8 25 14 -32 0.5
-12 -12 -12 -12 -32 12 19 14 19 0.5
-12 -12 -12 -12 -69 14 -55 18 -51 0.5
-12 -12 -12 -12 -2 19 -46 9 31 0.5
-12 -12 -12 -12 41 11 10 13 -20 0.5
-12 -12 -12 -12 4 10 -27 9 -37 0.5
-12 -12 -12 -12 15 12 16 13 41 0.5

-12 -12 -12 -12 -67 -17 54 -12 -47 0.5
-12 -12 -12 -12 15 -23 -9 -13 15 0.5
-12 -12 -12 -12 -3 -27 -62 -16 -31 0.5
-12 -12 -12 -12 -46 -8 5 -10 16 0.5
-12 -12 -12 -12 11 17 -11 -12 16 0.5
-12 -12 -12 -12 19 -12 44 -11 4 0.5
-12 -12 -12 -12 8 -33 39 -17 -62 0.5

-12 -12 -12 -12 -63 39 19 14 -35 0.5
-12 -12 -12 -12 17 -21 14 13 -32 0.5
-12 -12 -12 -12 4 46 26 12 -42 0.5
-12 -12 -12 -12 8 42 13 13 -7 0.5
-12 -12 -12 -12 22 -28 10 13 6 0.5
-12 -12 -12 -12 -34 -28 5 13 -8 0.5
-12 -12 -12 -12 -9 23 23 14 70 0.5

-12 -12 -12 -12 19 -46 13 38 -20 0.5
-12 -12 -12 -12 -20 -9 14 14 58 0.5
-12 -12 -12 -12 12 24 21 12 -26 0.5
-12 -12 -12 -12 -61 -50 13 12 -40 0.5
-12 -12 -12 -12 -40 18 13 10 -14 0.5
-12 -12 -12 -12 17 30 11 14 7 0.5
-12 -12 -12 -12 16 -38 13 -6 -14 0.5

-12 -12 -12 -12 38 6 12 -40 29 0.5
-12 -12 -12 -12 -61 -42 9 -41 19 0.5
-12 -12 -12 -12 8 -14 12 29 22 0.5
-12 -12 -12 -12 -9 -10 12 19 -35 0.5
-12 -12 -12 -12 -40 27 12 -20 22 0.5
-12 -12 -12 -12 8 -48 15 -30 18 0.5
-12 -12 -12 -12 16 33 13 8 18 0.5

-12 -12 -12 -12 -40 -28 -12 -15 -8 0.5
-12 -12 -12 -12 43 -7 -12 -10 31 0.5
-12 -12 -12 -12 7 42 -11 -14 -7 0.5
-12 -12 -12 -12 17 -5 -11 -13 -18 0.5
-12 -12 -12 -12 7 -43 -13 -9 -17 0.5
-12 -12 -12 -12 -61 23 -20 -16 1 0.5
-12 -12 -12 -12 -27 -29 -19 -9 67 0.5

-12 -12 -12 -12 -57 -13 -55 13 66 0.5
-12 -12 -12 -12 44 -19 -56 26 14 0.5
-12 -12 -12 -12 -5 -12 15 -22 22 0.5
-12 -12 -12 -12 -42 -12 -27 15 -11 0.5
-12 -12 -12 -12 32 -13 11 17 -21 0.5
-12 -12 -12 -12 7 -12 17 18 29 0.5
-12 -12 -12 -12 -23 -13 6 13 -44 0.5

-12 -12 -12 -12 -27 -15 14 -13 51 0.5
-12 -12 -12 -12 -4 -12 12 29 -45 0.5
-12 -12 -12 -12 -43 -13 14 -7 -16 0.5
-12 -12 -12 -12 29 14 12 -20 -9 0.5
-12 -12 -12 -12 3 -12 12 32 17 0.5
-12 -12 -12 -12 26 -42 13 -20 -10 0.5
-12 -12 -12 -12 -56 -19 11 -75 -54 0.5

-12 -12 -12 -12 19 9 17 12 -30 0.5
-12 -12 -12 -12 -17 10 -23 20 3 0.5
-12 -12 -12 -12 -55 6 7 -44 42 0.5
-12 -12 -12 -12 -29 12 19 18 -7 0.5
-12 -12 -12 -12 43 14 19 6 25 0.5
-12 -12 -12 -12 -9 19 26 -54 -33 0.5
-12 -12 -12 -12 4 11 20 -31 49 0.5

-12 -12 -12 -12 7 12 -6 -11 -42 0.5
-12 -12 -12 -12 -25 15 19 -11 -60 0.5
-12 -12 -12 -12 -45 20 -2 -12 34 0.5
-12 -12 -12 -12 -55 19 64 -18 53 0.5
-12 -12 -12 -12 17 12 -22 -11 7 0.5
-12 -12 -12 -12 16 12 33 -12 30 0.5
-12 -12 -12 -12 6 14 -17 -12 43 0.5

-12 -12 -12 -12 0 -8 14 -12 43 0.5
-12 -12 -12 -12 -31 -9 11 57 35 0.5
-12 -12 -12 -12 -14 -12 12 27 -34 0.5
-12 -12 -12 -12 41 -12 12 31 6 0.5
-12 -12 -12 -12 -53 -12 7 -5 16 0.5
-12 -12 -12 -12 -16 -11 12 -31 -18 0.5
-12 -12 -12 -12 31 -14 12 -20 -8 0.5

-12 -12 -12 -12 -53 30 -6 26 13 0.5
-12 -12 -12 -12 15 6 -31 24 12 0.5
-12 -12 -12 -12 10 28 18 17 10 0.5
-12 -12 -12 -12 22 -5 -32 -13 15 0.5
-12 -12 -12 -12 -45 -43 -61 7 13 0.5
-12 -12 -12 -12 -27 -44 14 11 11 0.5
-12 -12 -12 -12 3 -16 40 12 12 0.5

-12 -12 -12 -12 4 12 16 54 -13 0.5
-12 -12 -12 -12 -31 12 47 24 -7 0.5
-12 -12 -12 -12 -52 12 -18 8 -11 0.5
-12 -12 -12 -12 47 14 16 -10 -12 0.5
-12 -12 -12 -12 7 12 -17 -27 -14 0.5
-12 -12 -12 -12 -16 13 30 -33 -13 0.5
-12 -12 -12 -12 7 12 -32 32 -14 0.5

-12 -12 -12 -12 -50 -10 -34 -6 -21 0.5
-12 -12 -12 -12 17 -10 -28 -19 -9 0.5
-12 -12 -12 -12 -11 -14 12 45 -13 0.5
-12 -12 -12 -12 37 -17 -9 39 -8 0.5
-12 -12 -12 -12 66 -16 -72 -71 -14 0.5
-12 -12 -12 -12 -19 -8 35 -19 -18 0.5
-12 -12 -12 -12 22 -14 16 -29 -4 0.5

-12 -12 -12 -12 -32 -38 2 -11 -11 0.5
-12 -12 -12 -12 49 -13 -19 -13 -11 0.5
-12 -12 -12 -12 34 -20 18 -12 -15 0.5
-12 -12 -12 -12 14 34 13 -13 -14 0.5
-12 -12 -12 -12 -48 -55 -64 -16 -13 0.5
-12 -12 -12 -12 -26 13 -32 -11 -11 0.5
-12 -12 -12 -12 -44 8 20 -12 -13 0.5

-12 -12 -12 -12 -47 -19 -3 -49 49 0.5
-12 -12 -12 -12 -20 -12 26 -18 46 0.5
-12 -12 -12 -12 33 -15 5 -38 8 0.5
-12 -12 -12 -12 42 -13 14 14 -12 0.5
-12 -12 -12 -12 -41 -13 12 -15 -20 0.5
-12 -12 -12 -12 -19 -12 19 12 -45 0.5
-12 -12 -12 -12 -2 -7 14 40 29 0.5

-12 -12 -12 -12 -5 -38 11 8 27 0.5
-12 -12 -12 -12 -13 39 12 18 -14 0.5
-12 -12 -12 -12 15 -26 11 7 -28 0.5
-12 -12 -12 -12 32 19 14 13 -17 0.5
-12 -12 -12 -12 -46 -22 15 15 -9 0.5
-12 -12 -12 -12 2 23 18 12 56 0.5
-12 -12 -12 -12 68 -37 11 15 40 0.5

-12 -12 -12 -12 10 12 11 -34 -22 0.5
-12 -12 -12 -12 28 15 13 58 13 0.5
-12 -12 -12 -12 -7 10 13 16 -29 0.5
-12 -12 -12 -12 -45 12 17 -20 -8 0.5
-12 -12 -12 -12 50 12 11 -42 48 0.5
-12 -12 -12 -12 -21 13 15 -1 55 0.5
-12 -12 -12 -12 44 13 16 -34 -2 0.5

-12 -12 -12 -12 -30 -10 -65 14 -25 0.5
-12 -12 -12 -12 -43 -8 -2 14 28 0.5
-12 -12 -12 -12 27 -12 3 12 19 0.5
-12 -12 -12 -12 -2 -11 44 11 -3 0.5
-12 -12 -12 -12 -44 -16 4 11 -34 0.5
-12 -12 -12 -12 19 -11 -29 12 17 0.5
-12 -12 -12 -12 16 -12 -9 13 -51 0.5
