# 6 solution(s), each slicing 128 of 132 reduced edges (partition [6, 1, 1, 1])
# hyperplanes in the form  a.x = c : each row is [a_1 ... a_n  c]; an edge is sliced iff its two endpoints give a.x on opposite sides of c.

-4 -4 -4 -4 -4 -4 -9 5 10 0.5
-2 -2 -2 -2 -2 -2 2 9 -2 0.5
-3 -3 -3 -3 -3 -3 -5 -4 -10 0.5
4 4 4 4 4 4 -10 6 -9 0.5
-5 -5 -5 -5 -5 -5 -8 -10 5 0.5
-4 -4 -4 -4 -4 -4 10 -6 -5 0.5
-1 -1 -1 -1 -1 -1 5 -5 -5 0.5

-3 -3 -3 -3 -3 -3 -10 8 1 0.5
-2 -2 -2 -2 -2 -2 8 10 9 0.5
3 3 3 3 3 3 -10 4 1 0.5
6 6 6 6 6 6 9 -5 9 0.5
3 3 3 3 3 3 4 10 4 0.5
2 2 2 2 2 2 -2 2 -9 0.5
-3 -3 -3 -3 -3 -3 7 8 -4 0.5

-2 -2 -2 -2 -2 -2 7 -7 -3 0.5
-1 -1 -1 -1 -1 -1 5 5 -5 0.5
4 4 4 4 4 4 -7 -7 9 0.5
3 3 3 3 3 3 -4 -10 -5 0.5
3 3 3 3 3 3 10 -1 8 0.5
-3 -3 -3 -3 -3 -3 -4 -10 4 0.5
3 3 3 3 3 3 2 -3 -8 0.5

-3 -3 -3 -3 -3 -3 8 -9 2 0.5
-3 -3 -3 -3 -3 -3 -2 10 7 0.5
-1 -1 -1 -1 -1 -1 -5 -5 5 0.5
4 4 4 4 4 4 4 -3 10 0.5
3 3 3 3 3 3 10 4 5 0.5
3 3 3 3 3 3 4 5 -8 0.5
3 3 3 3 3 3 -10 -4 4 0.5

3 3 3 3 3 3 1 -10 4 0.5
6 6 6 6 6 6 2 6 10 0.5
3 3 3 3 3 3 10 4 4 0.5
1 1 1 1 1 1 -4 -4 -5 0.5
-3 -3 -3 -3 -3 -3 10 7 -2 0.5
-2 -2 -2 -2 -2 -2 -3 1 9 0.5
-2 -2 -2 -2 -2 -2 5 -7 1 0.5

4 4 4 4 4 4 -6 10 6 0.5
2 2 2 2 2 2 -9 -7 5 0.5
3 3 3 3 3 3 5 -7 5 0.5
3 3 3 3 3 3 -7 4 -7 0.5
3 3 3 3 3 3 8 -1 -10 0.5
1 1 1 1 1 1 5 -5 5 0.5
3 3 3 3 3 3 10 4 5 0.5
