# 20 solution(s), each slicing 524 of 528 reduced edges (partition [4, 1, 1, 1, 1, 1])
# hyperplanes in the form  a.x = c : each row is [a_1 ... a_n  c]; an edge is sliced iff its two endpoints give a.x on opposite sides of c.

-23 -23 -23 -23 -68 5 47 5 78 0.5
-23 -23 -23 -23 -78 16 56 -21 -74 0.5
-23 -23 -23 -23 39 65 21 73 -75 0.5
-23 -23 -23 -23 24 -7 -6 -30 26 0.5
-23 -23 -23 -23 5 48 20 -78 -50 0.5
-23 -23 -23 -23 32 42 14 76 31 0.5
-23 -23 -23 -23 -73 4 22 80 -78 0.5

-13 -13 -13 -13 54 1 20 -22 7 0.5
-13 -13 -13 -13 -53 1 5 22 18 0.5
-13 -13 -13 -13 17 -4 -3 28 -3 0.5
-13 -13 -13 -13 5 69 10 -7 10 0.5
-13 -13 -13 -13 20 -2 7 28 46 0.5
-13 -13 -13 -13 -18 0 45 -24 10 0.5
-13 -13 -13 -13 -14 -4 -3 -27 -5 0.5

-13 -13 -13 -13 -10 74 -30 3 -4 0.5
-13 -13 -13 -13 -16 6 -3 19 -49 0.5
-13 -13 -13 -13 32 -2 3 -2 -16 0.5
-13 -13 -13 -13 25 6 -2 4 38 0.5
-13 -13 -13 -13 -27 -2 2 -5 17 0.5
-13 -13 -13 -13 -6 -4 -50 8 -1 0.5
-13 -13 -13 -13 -14 3 -1 44 21 0.5

-12 -12 -12 -12 -1 7 -8 -12 -31 0.5
-12 -12 -12 -12 -77 -7 17 -31 -31 0.5
-12 -12 -12 -12 -4 -8 50 -7 -6 0.5
-12 -12 -12 -12 16 15 -13 -9 14 0.5
-12 -12 -12 -12 -14 8 -10 -15 8 0.5
-12 -12 -12 -12 3 17 -17 32 14 0.5
-12 -12 -12 -12 7 -37 -2 -11 -10 0.5

-12 -12 -12 -12 -1 -67 -7 -27 3 0.5
-12 -12 -12 -12 2 4 15 2 27 0.5
-12 -12 -12 -12 -76 -22 4 -26 5 0.5
-12 -12 -12 -12 4 6 -13 1 -25 0.5
-12 -12 -12 -12 -3 4 -27 5 11 0.5
-12 -12 -12 -12 0 -1 -7 -39 5 0.5
-12 -12 -12 -12 -5 -3 35 -2 -22 0.5

-12 -12 -12 -12 -70 22 -8 9 4 0.5
-12 -12 -12 -12 -2 40 -2 28 -30 0.5
-12 -12 -12 -12 2 -4 2 28 -15 0.5
-12 -12 -12 -12 -1 12 -14 14 43 0.5
-12 -12 -12 -12 2 -2 2 -26 18 0.5
-12 -12 -12 -12 -2 13 -17 -47 -32 0.5
-12 -12 -12 -12 -6 13 -57 23 -32 0.5

-12 -12 -12 -12 -60 -8 8 -12 -6 0.5
-12 -12 -12 -12 2 -13 27 0 -25 0.5
-12 -12 -12 -12 2 4 13 2 28 0.5
-12 -12 -12 -12 -3 -14 -45 -2 21 0.5
-12 -12 -12 -12 6 1 -15 1 -26 0.5
-12 -12 -12 -12 -1 -40 25 7 26 0.5
-12 -12 -12 -12 -2 -26 4 -67 -6 0.5

-12 -12 -12 -12 1 7 6 -45 0 0.5
-12 -12 -12 -12 2 -30 -19 -6 0 0.5
-12 -12 -12 -12 -2 30 16 4 -2 0.5
-12 -12 -12 -12 -57 -5 -6 -19 0 0.5
-12 -12 -12 -12 2 -16 27 1 3 0.5
-12 -12 -12 -12 -24 -6 -2 -8 -74 0.5
-12 -12 -12 -12 2 15 -29 3 2 0.5

-12 -12 -12 -12 -4 34 1 21 -3 0.5
-12 -12 -12 -12 -5 -3 45 -3 6 0.5
-12 -12 -12 -12 2 -33 -4 -14 -6 0.5
-12 -12 -12 -12 -56 -3 0 -10 -16 0.5
-12 -12 -12 -12 0 8 34 -7 -60 0.5
-12 -12 -12 -12 3 -15 -2 28 3 0.5
-12 -12 -12 -12 4 14 -2 -27 3 0.5

-12 -12 -12 -12 -17 -1 -3 27 1 0.5
-12 -12 -12 -12 32 5 1 23 -2 0.5
-12 -12 -12 -12 -56 3 8 -22 -22 0.5
-12 -12 -12 -12 2 13 55 -6 -1 0.5
-12 -12 -12 -12 16 -4 -2 -26 1 0.5
-12 -12 -12 -12 20 7 6 -15 -55 0.5
-12 -12 -12 -12 8 39 -1 -5 2 0.5

-12 -12 -12 -12 3 14 1 25 6 0.5
-12 -12 -12 -12 -55 10 -2 -9 -7 0.5
-12 -12 -12 -12 7 -13 1 -25 3 0.5
-12 -12 -12 -12 -5 12 -22 15 -64 0.5
-12 -12 -12 -12 -3 -45 -6 14 -7 0.5
-12 -12 -12 -12 -1 34 -3 -18 -3 0.5
-12 -12 -12 -12 -6 12 -39 18 -1 0.5

-12 -12 -12 -12 8 22 -6 -18 -17 0.5
-12 -12 -12 -12 4 18 -22 33 -14 0.5
-12 -12 -12 -12 24 -2 -14 -16 41 0.5
-12 -12 -12 -12 6 15 45 -8 -13 0.5
-12 -12 -12 -12 6 20 29 41 -12 0.5
-12 -12 -12 -12 19 -13 -15 -16 -14 0.5
-12 -12 -12 -12 -50 -4 7 9 -9 0.5

-12 -12 -12 -12 16 11 -16 11 15 0.5
-12 -12 -12 -12 10 20 20 21 -54 0.5
-12 -12 -12 -12 10 -40 -8 -11 8 0.5
-12 -12 -12 -12 18 13 19 13 2 0.5
-12 -12 -12 -12 -50 16 29 16 -34 0.5
-12 -12 -12 -12 6 4 -9 -29 11 0.5
-12 -12 -12 -12 -36 17 15 18 23 0.5

-12 -12 -12 -12 -23 -3 2 2 -65 0.5
-12 -12 -12 -12 -2 1 -33 19 -6 0.5
-12 -12 -12 -12 -48 -3 5 -5 -1 0.5
-12 -12 -12 -12 4 5 14 25 1 0.5
-12 -12 -12 -12 3 3 -17 -26 2 0.5
-12 -12 -12 -12 4 -47 -3 3 -8 0.5
-12 -12 -12 -12 2 -7 33 -21 -2 0.5

-12 -12 -12 -12 -19 1 3 -1 25 0.5
-12 -12 -12 -12 6 -32 -14 80 -6 0.5
-12 -12 -12 -12 -46 -7 -3 6 -15 0.5
-12 -12 -12 -12 14 2 1 -7 -25 0.5
-12 -12 -12 -12 5 -46 -77 -5 -5 0.5
-12 -12 -12 -12 24 -34 1 4 -25 0.5
-12 -12 -12 -12 30 -13 -1 4 35 0.5

-12 -12 -12 -12 -6 2 -34 22 2 0.5
-12 -12 -12 -12 7 42 1 -2 6 0.5
-12 -12 -12 -12 -8 -4 2 -2 42 0.5
-12 -12 -12 -12 1 4 31 -20 5 0.5
-12 -12 -12 -12 3 -6 13 25 -2 0.5
-12 -12 -12 -12 -45 7 3 -2 -8 0.5
-12 -12 -12 -12 3 -1 -13 -28 -4 0.5

-12 -12 -12 -12 -44 -13 11 -16 21 0.5
-12 -12 -12 -12 47 -18 -29 -10 -5 0.5
-12 -12 -12 -12 -5 -6 20 -14 -51 0.5
-12 -12 -12 -12 13 11 14 -12 23 0.5
-12 -12 -12 -12 -43 -13 -52 -12 -63 0.5
-12 -12 -12 -12 6 -23 20 -11 19 0.5
-12 -12 -12 -12 -31 -27 -53 -10 3 0.5

-12 -12 -12 -12 -7 -14 -30 -16 -6 0.5
-12 -12 -12 -12 -44 18 20 33 80 0.5
-12 -12 -12 -12 -13 50 15 10 9 0.5
-12 -12 -12 -12 -20 -2 21 36 -6 0.5
-12 -12 -12 -12 41 -10 -8 -9 -9 0.5
-12 -12 -12 -12 -9 -16 8 -15 -15 0.5
-12 -12 -12 -12 -14 -6 14 -10 13 0.5

-12 -12 -12 -12 11 0 -31 -7 -2 0.5
-12 -12 -12 -12 33 6 -1 22 1 0.5
-12 -12 -12 -12 -3 4 -31 4 72 0.5
-12 -12 -12 -12 -15 -1 3 27 -3 0.5
-12 -12 -12 -12 13 -1 1 -28 -6 0.5
-12 -12 -12 -12 -41 2 -6 -15 1 0.5
-12 -12 -12 -12 3 71 -25 -4 8 0.5

-12 -12 -12 -12 -3 -16 -4 0 -26 0.5
-12 -12 -12 -12 7 25 2 1 -14 0.5
-12 -12 -12 -12 -2 21 -6 -2 34 0.5
-12 -12 -12 -12 2 -27 3 2 15 0.5
-12 -12 -12 -12 -39 -6 5 0 -3 0.5
-12 -12 -12 -12 -14 -5 -15 -73 -8 0.5
-12 -12 -12 -12 -34 -6 -77 -1 -7 0.5
